0 24.61962 10.64718 -59.05419
0 24.61962 10.64718 -59.05419
.1 24.6219 10.70452 -58.95419
.2 24.625 10.76388 -58.85419
.3 24.62891 10.82527 -58.75419
.4 24.63364 10.88869 -58.65419
.5 24.63917 10.95413 -58.55419
.6 24.64552 11.02161 -58.45419
.7 24.65268 11.09111 -58.35419
.8 24.66065 11.16264 -58.25419
.9 24.66944 11.23619 -58.15419
1 24.67904 11.31177 -58.05419
1.1 24.68945 11.38938 -57.95419
1.2 24.70067 11.46902 -57.85419
1.277 24.70987 11.53172 -57.77719
1.377 24.60054 11.67214 -57.67719
1.477 24.25024 11.93158 -57.57719
1.577 23.66587 12.31519 -57.47719
1.677 22.85898 12.83056 -57.37719
1.777 21.8455 13.48792 -57.27719
1.877 20.64544 14.30027 -57.17719
1.923 20.03716 14.73031 -57.13119
2.023 18.70568 15.72494 -57.03119
2.05 18.35421 15.99928 -57.00419
2.05 18.35421 15.99928 -57.00419
2.15 17.08218 17.03685 -56.90419
2.196 16.51276 17.52548 -56.85819
2.296 15.41703 18.49138 -56.75819
2.396 14.56161 19.22935 -56.65819
2.496 13.92339 19.71951 -56.55819
2.596 13.4851 19.94868 -56.45819
2.604 13.45829 19.9555 -56.45019
2.704 13.13281 20.03055 -56.35019
2.804 12.81281 20.10674 -56.25019
2.904 12.49831 20.18407 -56.15019
3.004 12.1893 20.26254 -56.05019
3.104 11.88577 20.34215 -55.95019
3.204 11.58773 20.4229 -55.85019
3.304 11.29518 20.5048 -55.75019
3.404 11.00812 20.58783 -55.65019
3.504 10.72655 20.67201 -55.55019
3.604 10.45046 20.75732 -55.45019
3.704 10.17987 20.84378 -55.35019
3.804 9.91476 20.93138 -55.25019
3.904 9.65514 21.02013 -55.15019
4.004 9.40101 21.11001 -55.05019
4.104 9.15237 21.20103 -54.95019
4.204 8.90922 21.2932 -54.85019
4.304 8.67155 21.3865 -54.75019
4.404 8.43938 21.48095 -54.65019
4.504 8.21269 21.57654 -54.55019
4.604 7.99149 21.67327 -54.45019
4.704 7.77578 21.77114 -54.35019
4.804 7.56556 21.87015 -54.25019
4.904 7.36082 21.97031 -54.15019
5.004 7.16158 22.0716 -54.05019
5.104 6.96782 22.17404 -53.95019
5.204 6.77955 22.27761 -53.85019
5.304 6.59677 22.38233 -53.75019
5.404 6.41948 22.48819 -53.65019
5.504 6.24768 22.59519 -53.55019
5.604 6.08136 22.70333 -53.45019
5.70128 5.92484 22.80963 -53.35291
7.29873 4.10197 24.16883 -51.75546
7.39873 4.03381 24.22768 -51.65546
7.49873 3.97114 24.28742 -51.55546
7.56173 3.93448 24.32552 -51.49246
7.56173 3.93448 24.32552 -51.49246
7.66173 3.88075 24.38673 -51.39246
7.72373 3.8502 24.42513 -51.33046
7.82373 3.81983 24.39564 -51.23046
7.92373 3.82357 24.18344 -51.13046
8.02373 3.86148 23.7917 -51.03046
8.03373 3.86717 23.74286 -51.02046
8.13373 3.92865 23.24915 -50.92046
8.21873 3.98532 22.83425 -50.83546
8.21873 3.98532 22.83425 -50.83546
8.31873 4.05719 22.35171 -50.73546
8.41873 4.13467 21.87521 -50.63546
8.51873 4.21777 21.40475 -50.53546
8.61873 4.30649 20.94033 -50.43546
8.64873 4.3342 20.80218 -50.40546
8.64873 4.3342 20.80218 -50.40546
8.74873 4.43022 20.34561 -50.30546
8.84873 4.53185 19.89507 -50.20546
8.94873 4.6391 19.45058 -50.10546
8.98373 4.67797 19.29643 -50.07046
8.98373 4.67797 19.29643 -50.07046
9.08373 4.7928 18.86009 -49.97046
9.18373 4.91325 18.42978 -49.87046
9.28373 5.03932 18.00551 -49.77046
9.38373 5.17101 17.58729 -49.67046
9.48373 5.30831 17.1751 -49.57046
9.58373 5.45123 16.76895 -49.47046
9.68373 5.59976 16.36883 -49.37046
9.78373 5.75392 15.97476 -49.27046
9.88373 5.91368 15.58672 -49.17046
9.98373 6.07907 15.20472 -49.07046
10.08373 6.25007 14.82876 -48.97046
10.18373 6.42669 14.45884 -48.87046
10.22429 6.49993 14.31053 -48.8299
10.32429 6.68444 13.9491 -48.7299
10.42429 6.87457 13.5937 -48.6299
10.52429 7.07032 13.24435 -48.5299
10.62429 7.27168 12.90103 -48.4299
10.72429 7.47866 12.56375 -48.3299
10.82429 7.69126 12.23251 -48.2299
10.92429 7.90947 11.9073 -48.1299
11.02429 8.13331 11.58814 -48.0299
11.07429 8.24733 11.43082 -47.9799
11.07429 8.24733 11.43082 -47.9799
11.17429 8.47958 11.12071 -47.8799
11.27429 8.71746 10.81664 -47.7799
11.37429 8.96095 10.51861 -47.6799
11.47429 9.21005 10.22662 -47.5799
11.57429 9.46478 9.94067 -47.4799
11.67429 9.72512 9.66075 -47.3799
11.77429 9.99107 9.38688 -47.2799
11.87429 10.26265 9.11904 -47.1799
11.92429 10.40054 8.98738 -47.1299
11.92429 10.40054 8.98738 -47.1299
12.02429 10.68054 8.7286 -47.0299
12.12429 10.96615 8.47586 -46.9299
12.21629 11.23388 8.24867 -46.8379
12.21629 11.23388 8.24867 -46.8379
12.31629 11.37614 8.11879 -46.7379
12.41629 11.21177 8.21348 -46.6379
12.51629 10.74969 8.53792 -46.5379
12.52629 10.68794 8.58358 -46.5279
12.62129 10.09921 9.03711 -46.4329
12.62129 10.09921 9.03711 -46.4329
12.72129 9.49939 9.52935 -46.3329
12.82129 8.91997 10.03679 -46.2329
12.92129 8.36095 10.55945 -46.1329
12.95129 8.19723 10.71921 -46.1029
14.54874 2.14524 20.86032 -44.50545
14.64874 1.9374 21.58728 -44.40545
14.74874 1.74996 22.32765 -44.30545
14.84874 1.58293 23.0814 -44.20545
14.94874 1.4363 23.84855 -44.10545
15.04874 1.31007 24.62909 -44.00545
15.08029 1.27448 24.87813 -43.9739
15.08029 1.27448 24.87813 -43.9739
15.18029 1.1751 25.67629 -43.8739
15.26529 1.10666 26.36526 -43.7889
15.36529 1.05671 26.89897 -43.6889
15.46529 1.04907 26.85283 -43.5889
15.56529 1.08342 26.22884 -43.4889
15.57529 1.08921 26.13548 -43.4789
15.67529 1.15938 25.18568 -43.3789
15.70129 1.18091 24.94173 -43.3529
15.90129 1.39174 23.10674 -43.1529
15.99529 1.5185 22.26966 -43.0589
15.99529 1.5185 22.26966 -43.0589
16.09529 1.67277 21.39696 -42.9589
16.19529 1.84707 20.54262 -42.8589
16.25129 1.95342 20.07221 -42.8029
17.84874 7.59889 8.77287 -41.20545
17.94874 8.12301 8.2195 -41.10545
18.04874 8.66716 7.68652 -41.00545
18.14874 9.23134 7.17392 -40.90545
18.24874 9.81553 6.68169 -40.80545
18.34874 10.41975 6.20985 -40.70545
18.38029 10.61454 6.06522 -40.6739
18.38029 10.61454 6.06522 -40.6739
18.48029 11.2451 5.62019 -40.5739
18.57029 11.82973 5.23708 -40.4839
18.67029 12.32229 4.9046 -40.3839
18.77029 12.46323 4.72639 -40.2839
18.87029 12.24437 4.692 -40.1839
18.91029 12.05823 4.71778 -40.1439
19.01029 11.53275 4.8135 -40.0439
19.04129 11.37257 4.84422 -40.0129
19.24129 10.37013 5.05432 -39.8129
19.34129 9.88901 5.16711 -39.7129
19.44129 9.42129 5.28505 -39.6129
19.54129 8.96698 5.40816 -39.5129
19.55129 8.92228 5.42076 -39.5029
21.14874 3.51815 7.94808 -37.90545
21.24874 3.29182 8.13702 -37.80545
21.34874 3.07889 8.33067 -37.70545
21.44874 2.87937 8.52902 -37.60545
21.54874 2.69325 8.73208 -37.50545
21.64874 2.52053 8.93985 -37.40545
21.68029 2.46882 9.00637 -37.3739
21.68029 2.46882 9.00637 -37.3739
21.78029 2.31373 9.22033 -37.2739
21.86529 2.19244 9.4059 -37.1889
21.96529 2.09163 9.49802 -37.0889
22.06529 2.05937 9.33158 -36.9889
22.16529 2.09387 8.9157 -36.8889
22.17529 2.10103 8.86115 -36.8789
22.27529 2.18173 8.3158 -36.7789
22.30129 2.2045 8.17723 -36.7529
22.50129 2.40416 7.15568 -36.5529
22.59529 2.51302 6.70271 -36.4589
22.59529 2.51302 6.70271 -36.4589
22.69529 2.63936 6.23988 -36.3589
22.79529 2.77658 5.7967 -36.2589
22.85129 2.85816 5.5571 -36.2029
24.44874 6.60023 1.26788 -34.60545
24.54874 6.92731 1.16959 -34.50545
24.64874 7.26525 1.09173 -34.40545
24.74874 7.61407 1.03428 -34.30545
24.84874 7.97375 .99724 -34.20545
24.94874 8.3443 .98062 -34.10545
24.98029 8.46346 .97961 -34.0739
24.98029 8.46346 .97961 -34.0739
25.08029 8.8483 .98985 -33.9739
25.16529 9.18396 1.01461 -33.8889
25.26529 9.46717 1.07614 -33.7889
25.36529 9.50793 1.18788 -33.6889
25.46529 9.30412 1.35569 -33.5889
25.47529 9.27059 1.37587 -33.5789
25.57529 8.92878 1.59637 -33.4789
25.60129 8.84132 1.6586 -33.4529
25.80129 8.18803 2.20483 -33.2529
25.90129 7.87432 2.52278 -33.1529
26.00129 7.56922 2.87062 -33.0529
26.10129 7.27274 3.24836 -32.9529
26.15129 7.12773 3.44843 -32.9029
27.74874 3.63857 13.62057 -31.30545
27.84874 3.49215 14.48591 -31.20545
27.94874 3.35435 15.37932 -31.10545
28.04874 3.22517 16.3008 -31.00545
28.14874 3.10461 17.25035 -30.90545
28.24874 2.99266 18.22798 -30.80545
28.29929 2.93935 18.73285 -30.7549
28.29929 2.93935 18.73285 -30.7549
28.39929 2.84038 19.75274 -30.6549
28.46529 2.77979 20.44124 -30.5889
28.56529 2.73081 21.2372 -30.4889
28.66529 2.76036 21.49181 -30.3889
28.76529 2.86997 21.19192 -30.2889
28.77529 2.88552 21.13178 -30.2789
28.85529 3.01731 20.63369 -30.1989
28.85529 3.01731 20.63369 -30.1989
28.90129 3.09639 20.35025 -30.1529
29.10129 3.46818 19.14311 -29.9529
29.20129 3.67114 18.5549 -29.8529
29.30129 3.88548 17.97693 -29.7529
29.40129 4.1112 17.40919 -29.6529
29.41279 4.13789 17.34455 -29.6414
29.51279 4.3763 16.78823 -29.5414
29.61279 4.62608 16.24216 -29.4414
29.71279 4.88724 15.70632 -29.3414
29.81279 5.15977 15.18073 -29.2414
29.91279 5.44368 14.66537 -29.1414
30.01279 5.73897 14.16026 -29.0414
30.11279 6.04564 13.66538 -28.9414
30.21279 6.36369 13.18075 -28.8414
30.31279 6.69311 12.70635 -28.7414
30.41279 7.03391 12.24219 -28.6414
30.51279 7.38609 11.78828 -28.5414
30.61279 7.74964 11.3446 -28.4414
30.71279 8.12457 10.91116 -28.3414
30.81279 8.51088 10.48796 -28.2414
30.91279 8.90857 10.07501 -28.1414
31.01279 9.31763 9.67229 -28.0414
31.11279 9.73807 9.27981 -27.9414
31.20279 10.1262 8.93533 -27.8514
31.30279 10.56825 8.56231 -27.7514
31.40279 11.02169 8.19953 -27.6514
31.50279 11.4865 7.84699 -27.5514
31.58029 11.85455 7.58081 -27.4739
31.58029 11.85455 7.58081 -27.4739
31.68029 12.33955 7.24645 -27.3739
31.76529 12.76075 6.97028 -27.2889
31.86529 13.10676 6.73955 -27.1889
31.96529 13.13279 6.68069 -27.0889
32.06529 12.83757 6.79079 -26.9889
32.07529 12.79081 6.81123 -26.9789
32.07529 12.79081 6.81123 -26.9789
32.17529 12.31433 7.02801 -26.8789
32.20129 12.19219 7.0854 -26.8529
32.40129 11.27668 7.54108 -26.6529
32.40129 11.27668 7.54108 -26.6529
32.50129 10.83488 7.77835 -26.5529
32.60129 10.40372 8.02191 -26.4529
32.70129 9.98319 8.27176 -26.3529
32.75129 9.77692 8.39904 -26.3029
34.34874 4.60176 13.05407 -24.70545
34.44874 4.36645 13.37678 -24.60545
34.54874 4.14177 13.70495 -24.50545
34.64874 3.92773 14.03857 -24.40545
34.74874 3.72433 14.37764 -24.30545
34.84874 3.53157 14.72217 -24.20545
34.88029 3.47296 14.832 -24.1739
34.88029 3.47296 14.832 -24.1739
34.98029 3.29419 15.18371 -24.0739
35.06529 3.1506 15.48694 -23.9889
35.16529 3.02781 15.66528 -23.8889
35.26529 2.98427 15.47775 -23.7889
35.36529 3.01792 14.93316 -23.6889
35.37529 3.02556 14.85991 -23.6789
35.47529 3.10993 14.12264 -23.5789
35.50129 3.13312 13.93425 -23.5529
35.70129 3.32889 12.5306 -23.3529
35.79529 3.43151 11.89871 -23.2589
35.79529 3.43151 11.89871 -23.2589
35.89529 3.54814 11.24602 -23.1589
35.99529 3.67245 10.61347 -23.0589
36.05129 3.74542 10.26804 -23.0029
37.64874 6.82522 2.95163 -21.40545
37.74874 7.08374 2.66806 -21.30545
37.84874 7.34994 2.40594 -21.20545
37.94874 7.62383 2.16526 -21.10545
38.04874 7.90539 1.94603 -21.00545
38.14874 8.19464 1.74825 -20.90545
38.18029 8.28749 1.6903 -20.8739
38.18029 8.28749 1.6903 -20.8739
38.28029 8.58684 1.52073 -20.7739
38.37029 8.86283 1.38646 -20.6839
38.47029 9.04941 1.27649 -20.5839
38.57029 8.98253 1.22125 -20.4839
38.67029 8.66597 1.21758 -20.3839
38.71029 8.47299 1.2304 -20.3439
38.81029 7.95621 1.2814 -20.2439
38.84129 7.7998 1.30066 -20.2129
39.04129 6.83392 1.46415 -20.0129
39.14129 6.37903 1.57138 -19.9129
39.24129 5.94282 1.6956 -19.8129
39.34129 5.52532 1.8368 -19.7129
39.35129 5.48459 1.85186 -19.7029
40.94874 1.38657 6.36803 -18.10545
41.04874 1.28708 6.78365 -18.00545
41.14874 1.2063 7.21545 -17.90545
41.24874 1.1442 7.66344 -17.80545
41.34874 1.1008 8.1276 -17.70545
41.44874 1.0761 8.60795 -17.60545
41.48029 1.07218 8.76286 -17.5739
41.48029 1.07218 8.76286 -17.5739
41.58029 1.07207 9.26449 -17.4739
41.66529 1.08668 9.7036 -17.3889
41.76529 1.12806 10.17284 -17.2889
41.86529 1.20285 10.52491 -17.1889
41.96529 1.31292 10.75101 -17.0889
41.97529 1.32596 10.76644 -17.0789
42.07529 1.46935 10.91542 -16.9789
42.10129 1.51019 10.95462 -16.9529
42.30129 1.87338 11.26268 -16.7529
42.39529 2.07408 11.41143 -16.6589
42.39529 2.07408 11.41143 -16.6589
42.49529 2.30864 11.57246 -16.5589
42.59529 2.56491 11.73636 -16.4589
42.65129 2.7179 11.8294 -16.4029
44.24874 9.90913 14.56155 -14.80545
44.34874 10.54464 14.73394 -14.70545
44.44874 11.20186 14.90871 -14.60545
44.54874 11.88079 15.08586 -14.50545
44.60233 12.25359 15.18178 -14.45186
45.63452 20.64588 17.1246 -13.41967
45.73452 21.58212 17.32213 -13.31967
45.83452 22.54006 17.52196 -13.21967
45.93452 23.51971 17.72409 -13.11967
46.03452 24.52107 17.92851 -13.01967
46.09636 25.15114 18.05606 -12.95784
46.19636 26.03102 18.37567 -12.85784
46.29636 26.60333 18.92727 -12.75784
46.39636 26.85405 19.72443 -12.65784
46.49636 26.77706 20.78673 -12.55784
46.50436 26.75674 20.8839 -12.54984
46.60436 26.49116 22.13053 -12.44984
46.63536 26.40926 22.52451 -12.41884
46.63536 26.40926 22.52451 -12.41884
46.73536 26.1464 23.8197 -12.31884
46.83536 25.88561 25.15195 -12.21884
46.86222 25.81592 25.51613 -12.19197
46.86222 25.81592 25.51613 -12.19197
46.96222 25.55777 26.8954 -12.09197
47.06222 25.3017 28.31175 -11.99197
47.16222 25.0477 29.76516 -11.89197
47.26222 24.79578 31.25564 -11.79197
47.36222 24.54593 32.78319 -11.69197
47.41936 24.4041 33.67265 -11.63484
47.51936 24.15752 35.25845 -11.53484
47.61936 23.91301 36.88131 -11.43484
47.71936 23.67058 38.54124 -11.33484
47.81936 23.43022 40.23823 -11.23484
47.91936 23.19194 41.9723 -11.13484
48.01936 22.95574 43.74343 -11.03484
48.05036 22.88294 44.3 -11.00384
48.05036 22.88294 44.3 -11.00384
48.15036 22.64945 46.11969 -10.90384
48.25036 22.41804 47.97645 -10.80384
48.35036 22.18871 49.87027 -10.70384
48.45036 21.96145 51.80116 -10.60384
48.55036 21.73627 53.76912 -10.50384
48.65036 21.51316 55.77414 -10.40384
48.73313 21.33005 57.46189 -10.32106
48.73313 21.33005 57.46189 -10.32106
48.83313 21.11074 59.53466 -10.22106
48.93313 20.8935 61.6445 -10.12106
49.03313 20.67834 63.79141 -10.02106
49.13313 20.46525 65.97539 -9.92106
49.23313 20.25425 68.19643 -9.82106
49.33313 20.04531 70.45455 -9.72106
49.43313 19.83845 72.74972 -9.62106
49.52737 19.64541 74.94663 -9.52682
49.54737 19.60736 75.40714 -9.50682
49.56737 19.57469 75.84858 -9.48682
49.58737 19.54739 76.27071 -9.46682
49.60737 19.52544 76.6733 -9.44682
49.62737 19.50884 77.05613 -9.42682
49.64737 19.49756 77.419 -9.40682
49.66737 19.49162 77.76171 -9.38682
49.68737 19.49099 78.08407 -9.36682
49.70737 19.49569 78.38591 -9.34682
49.72737 19.50571 78.66707 -9.32682
49.74737 19.52106 78.92738 -9.30682
49.76737 19.54175 79.16672 -9.28682
49.78737 19.56779 79.38496 -9.26682
49.80737 19.5992 79.58196 -9.24682
49.82737 19.63598 79.75764 -9.22682
49.84737 19.67817 79.91188 -9.20682
49.86737 19.72578 80.04461 -9.18682
49.88737 19.77884 80.15576 -9.16682
49.90737 19.83737 80.24527 -9.14682
49.92737 19.90142 80.31308 -9.12682
49.94737 19.97101 80.35916 -9.10682
49.96737 20.04619 80.38349 -9.08682
49.98737 20.12699 80.38605 -9.06682
50.00737 20.21345 80.36685 -9.04682
50.02737 20.30563 80.32588 -9.02682
50.04737 20.40357 80.26318 -9.00682
50.06737 20.50733 80.17878 -8.98682
50.07537 20.55048 80.13895 -8.97882
50.09537 20.65973 80.03514 -8.95882
50.11537 20.76932 79.93141 -8.93882
50.13537 20.87924 79.82776 -8.91882
50.15537 20.98948 79.72418 -8.89882
50.17537 21.10006 79.62068 -8.87882
50.18637 21.16101 79.56379 -8.86782
50.18637 21.16101 79.56379 -8.86782
50.20637 21.27209 79.46041 -8.84782
50.22637 21.3835 79.35711 -8.82782
50.24637 21.49524 79.25388 -8.80782
50.26637 21.60731 79.15074 -8.78782
50.28637 21.7197 79.04767 -8.76782
50.30637 21.83243 78.94467 -8.74782
50.32637 21.94548 78.84176 -8.72782
50.34637 22.05886 78.73892 -8.70782
50.36637 22.17257 78.63616 -8.68782
50.38637 22.28661 78.53347 -8.66782
50.40637 22.40098 78.43087 -8.64782
50.42637 22.51567 78.32834 -8.62782
50.44637 22.6307 78.22589 -8.60782
50.46637 22.74605 78.12351 -8.58782
50.48637 22.86173 78.02121 -8.56782
50.50637 22.97774 77.91899 -8.54782
50.52637 23.09408 77.81685 -8.52782
50.54637 23.21075 77.71478 -8.50782
50.56637 23.32774 77.6128 -8.48782
50.58637 23.44506 77.51088 -8.46782
50.60637 23.56272 77.40905 -8.44782
50.62637 23.6807 77.30729 -8.42782
50.64637 23.799 77.20561 -8.40782
50.66637 23.91764 77.10401 -8.38782
50.68637 24.03661 77.00249 -8.36782
50.70637 24.1559 76.90104 -8.34782
50.72637 24.27553 76.79967 -8.32782
50.74637 24.39548 76.69837 -8.30782
50.76637 24.51576 76.59716 -8.28782
50.78637 24.63637 76.49602 -8.26782
50.80637 24.7573 76.39496 -8.24782
50.82637 24.87857 76.29397 -8.22782
50.84637 25.00016 76.19307 -8.20782
50.86637 25.12208 76.09224 -8.18782
50.88237 25.21986 76.01163 -8.17182
50.90237 25.34237 75.91094 -8.15182
50.92237 25.46521 75.81033 -8.13182
50.94237 25.58838 75.70979 -8.11182
50.96237 25.71188 75.60933 -8.09182
50.98237 25.83571 75.50895 -8.07182
51.00237 25.95987 75.40865 -8.05182
51.02237 26.08435 75.30842 -8.03182
51.04237 26.20917 75.20827 -8.01182
51.06237 26.33431 75.1082 -7.99182
51.08237 26.45978 75.0082 -7.97182
51.10237 26.58558 74.90828 -7.95182
51.12237 26.7117 74.80844 -7.93182
51.14237 26.83816 74.70868 -7.91182
51.16237 26.96494 74.60899 -7.89182
51.18237 27.09206 74.50939 -7.87182
51.20237 27.2195 74.40985 -7.85182
51.22237 27.34727 74.3104 -7.83182
51.24237 27.47536 74.21102 -7.81182
51.26237 27.60379 74.11172 -7.79182
51.28237 27.73255 74.0125 -7.77182
51.30237 27.86163 73.91336 -7.75182
51.32237 27.99104 73.81429 -7.73182
51.34237 28.12078 73.7153 -7.71182
51.36237 28.25085 73.61638 -7.69182
51.38237 28.38125 73.51755 -7.67182
51.40237 28.51198 73.41879 -7.65182
51.42237 28.64303 73.32011 -7.63182
51.44237 28.77441 73.2215 -7.61182
51.46237 28.90613 73.12298 -7.59182
51.48237 29.03817 73.02453 -7.57182
51.48937 29.08446 72.99009 -7.56482
51.48937 29.08446 72.99009 -7.56482
51.50937 29.21694 72.89174 -7.54482
51.52937 29.34975 72.79347 -7.52482
51.54937 29.48289 72.69528 -7.50482
51.56937 29.61636 72.59717 -7.48482
51.58937 29.75016 72.49913 -7.46482
51.60937 29.88429 72.40117 -7.44482
51.62937 30.01874 72.30329 -7.42482
51.64937 30.15352 72.20549 -7.40482
51.66937 30.28864 72.10776 -7.38482
51.68937 30.42408 72.01011 -7.36482
51.70937 30.55984 71.91254 -7.34482
51.72937 30.69594 71.81504 -7.32482
51.74937 30.83237 71.71762 -7.30482
51.76937 30.96912 71.62028 -7.28482
51.78937 31.1062 71.52302 -7.26482
51.80937 31.24362 71.42583 -7.24482
51.82937 31.38135 71.32872 -7.22482
51.84937 31.51942 71.23169 -7.20482
51.86937 31.65782 71.13474 -7.18482
51.88937 31.79654 71.03786 -7.16482
51.90937 31.9356 70.94106 -7.14482
51.92937 32.07498 70.84434 -7.12482
51.94937 32.21469 70.74769 -7.10482
51.96937 32.35473 70.65112 -7.08482
51.98937 32.4951 70.55463 -7.06482
52.00937 32.63579 70.45822 -7.04482
52.02937 32.77682 70.36188 -7.02482
52.04937 32.91817 70.26562 -7.00482
52.06937 33.05985 70.16944 -6.98482
52.08937 33.20186 70.07333 -6.96482
52.10937 33.3442 69.97731 -6.94482
52.12937 33.48687 69.88136 -6.92482
52.14937 33.62986 69.78548 -6.90482
52.15272 33.65386 69.76943 -6.90147
52.15272 33.65386 69.76943 -6.90147
52.17272 33.79723 69.67365 -6.88147
52.19272 33.94094 69.57794 -6.86147
52.21272 34.08498 69.48231 -6.84147
52.23272 34.22934 69.38676 -6.82147
52.25272 34.37404 69.29129 -6.80147
52.27272 34.51906 69.19589 -6.78147
52.29272 34.66441 69.10057 -6.76147
52.31272 34.81009 69.00533 -6.74147
52.33272 34.95609 68.91017 -6.72147
52.35272 35.10243 68.81508 -6.70147
52.37272 35.24909 68.72007 -6.68147
52.39272 35.39609 68.62514 -6.66147
52.41272 35.54341 68.53028 -6.64147
52.43272 35.69106 68.4355 -6.62147
52.45272 35.83903 68.3408 -6.60147
52.47272 35.98734 68.24618 -6.58147
52.47873 36.03193 68.21778 -6.57546
52.49873 36.18299 68.11878 -6.55546
52.51873 36.33913 68.01096 -6.53546
52.53873 36.50039 67.89436 -6.51546
52.55873 36.66681 67.769 -6.49546
52.57873 36.83843 67.63492 -6.47546
52.59873 37.01531 67.49215 -6.45546
52.61873 37.19748 67.34073 -6.43546
52.63873 37.38499 67.1807 -6.41546
52.65873 37.5779 67.01209 -6.39546
52.67873 37.77625 66.83496 -6.37546
52.69873 37.98009 66.64936 -6.35546
52.71873 38.18949 66.45532 -6.33546
52.73873 38.40448 66.2529 -6.31546
52.75873 38.62514 66.04215 -6.29546
52.77873 38.85151 65.82314 -6.27546
52.79873 39.08366 65.5959 -6.25546
52.81873 39.32165 65.36052 -6.23546
52.83873 39.56553 65.11704 -6.21546
52.85873 39.81538 64.86552 -6.19546
52.87873 40.07126 64.60605 -6.17546
52.89873 40.33323 64.33868 -6.15546
52.91873 40.60136 64.06348 -6.13546
52.93873 40.87573 63.78053 -6.11546
52.95873 41.15641 63.48989 -6.09546
52.97873 41.44346 63.19165 -6.07546
52.99873 41.73697 62.88589 -6.05546
53.01873 42.037 62.57268 -6.03546
53.02673 42.15887 62.44532 -6.02746
53.04673 42.46548 62.12597 -6.00746
53.06673 42.77323 61.80745 -5.98746
53.08673 43.08211 61.48975 -5.96746
53.10673 43.39212 61.17289 -5.94746
53.12673 43.70325 60.85687 -5.92746
53.13773 43.87486 60.68341 -5.91646
53.13773 43.87486 60.68341 -5.91646
53.15773 44.18775 60.36867 -5.89646
53.17773 44.50177 60.05476 -5.87646
53.19773 44.81692 59.74168 -5.85646
53.21773 45.1332 59.42944 -5.83646
53.23773 45.45061 59.11802 -5.81646
53.25773 45.76914 58.80744 -5.79646
53.27773 46.08881 58.49769 -5.77646
53.29773 46.40961 58.18877 -5.75646
53.31773 46.73154 57.88069 -5.73646
53.33773 47.0546 57.57343 -5.71646
53.35273 47.29763 57.34353 -5.70146
53.35273 47.29763 57.34353 -5.70146
53.37273 47.62267 57.03773 -5.68146
53.39273 47.94883 56.73276 -5.66146
53.41273 48.27613 56.42863 -5.64146
53.43273 48.60455 56.12532 -5.62146
53.45273 48.9341 55.82285 -5.60146
53.47273 49.26479 55.5212 -5.58146
53.49273 49.5966 55.22039 -5.56146
53.51273 49.92955 54.92041 -5.54146
53.53273 50.26362 54.62127 -5.52146
53.55273 50.59883 54.32295 -5.50146
53.57273 50.93516 54.02546 -5.48146
53.59273 51.27262 53.72881 -5.46146
53.61273 51.61122 53.43299 -5.44146
53.63273 51.95094 53.138 -5.42146
53.65273 52.29179 52.84384 -5.40146
53.67273 52.63378 52.55051 -5.38146
53.69273 52.97689 52.25802 -5.36146
53.71273 53.32113 51.96635 -5.34146
53.73273 53.6665 51.67552 -5.32146
53.75273 54.01301 51.38552 -5.30146
53.77273 54.36064 51.09635 -5.28146
53.79273 54.7094 50.80801 -5.26146
53.81273 55.05929 50.52051 -5.24146
53.83273 55.41032 50.23383 -5.22146
53.85273 55.76247 49.94799 -5.20146
53.87273 56.11575 49.66298 -5.18146
53.89273 56.47016 49.3788 -5.16146
53.91273 56.8257 49.09545 -5.14146
53.93273 57.18238 48.81293 -5.12146
53.95273 57.54018 48.53125 -5.10146
53.97273 57.89911 48.25039 -5.08146
53.99273 58.25917 47.97037 -5.06146
54.01273 58.62036 47.69118 -5.04146
54.03273 58.98268 47.41282 -5.02146
54.05273 59.34613 47.13529 -5.00146
54.07273 59.71071 46.8586 -4.98146
54.09273 60.07642 46.58273 -4.96146
54.11273 60.44326 46.3077 -4.94146
54.13273 60.81123 46.0335 -4.92146
54.15273 61.18033 45.76013 -4.90146
54.17273 61.55057 45.48759 -4.88146
54.19273 61.92192 45.21588 -4.86146
54.21273 62.29441 44.94501 -4.84146
54.23273 62.66803 44.67497 -4.82146
54.25273 63.04278 44.40575 -4.80146
54.27273 63.41866 44.13737 -4.78146
54.29273 63.79567 43.86982 -4.76146
54.31273 64.17381 43.60311 -4.74146
54.33273 64.55308 43.33722 -4.72146
54.35273 64.93348 43.07217 -4.70146
54.37273 65.31501 42.80794 -4.68146
54.39273 65.69767 42.54455 -4.66146
54.41273 66.08146 42.28199 -4.64146
54.43273 66.46637 42.02027 -4.62146
54.45273 66.85242 41.75937 -4.60146
54.47273 67.2396 41.4993 -4.58146
54.49273 67.62791 41.24007 -4.56146
54.51273 68.01735 40.98167 -4.54146
54.53273 68.40791 40.7241 -4.52146
54.55273 68.79961 40.46736 -4.50146
54.57124 69.16308 40.23053 -4.48296
54.59124 69.54152 39.98498 -4.46296
54.61124 69.88887 39.75858 -4.44296
54.63124 70.20482 39.55111 -4.42296
54.65124 70.48908 39.36238 -4.40296
54.67124 70.74138 39.19223 -4.38296
54.69124 70.96149 39.04048 -4.36296
54.71124 71.14921 38.90701 -4.34296
54.73124 71.30436 38.79168 -4.32296
54.75124 71.42681 38.6944 -4.30296
54.77124 71.51643 38.61507 -4.28296
54.79124 71.57315 38.55362 -4.26296
54.81124 71.59692 38.51 -4.24296
54.83124 71.5877 38.48415 -4.22296
54.85124 71.54552 38.47607 -4.20296
54.87124 71.47041 38.48574 -4.18296
54.89124 71.36243 38.51317 -4.16296
54.91124 71.2217 38.55839 -4.14296
54.93124 71.04833 38.62143 -4.12296
54.95124 70.84249 38.70236 -4.10296
54.97124 70.60437 38.80125 -4.08296
54.99124 70.33418 38.91819 -4.06296
55.01124 70.03219 39.05329 -4.04296
55.03124 69.69865 39.20668 -4.02296
55.03524 69.62819 39.23956 -4.01896
55.05524 69.2737 39.40624 -3.99896
55.07524 68.92014 39.5733 -3.97896
55.09524 68.56749 39.74073 -3.95896
55.10324 68.42669 39.80781 -3.95096
55.10324 68.42669 39.80781 -3.95096
55.12324 68.07532 39.97576 -3.93096
55.14324 67.72488 40.14409 -3.91096
55.16324 67.37534 40.31279 -3.89096
55.18324 67.02673 40.48186 -3.87096
55.20324 66.67902 40.65131 -3.85096
55.22324 66.33224 40.82113 -3.83096
55.24324 65.98637 40.99133 -3.81096
55.26324 65.64142 41.1619 -3.79096
55.27641 65.41477 41.27442 -3.77779
55.29641 65.05051 41.4585 -3.75779
55.31641 64.64642 41.66918 -3.73779
55.33641 64.20302 41.90674 -3.71779
55.35641 63.72087 42.17147 -3.69779
55.37641 63.20056 42.4637 -3.67779
55.39641 62.64275 42.78381 -3.65779
55.41641 62.04816 43.1322 -3.63779
55.43641 61.41752 43.5093 -3.61779
55.45641 60.75163 43.91559 -3.59779
55.47641 60.05133 44.35159 -3.57779
55.49641 59.31751 44.81784 -3.55779
55.51641 58.55108 45.31493 -3.53779
55.53041 57.99569 45.68157 -3.52379
55.55041 57.19486 46.21851 -3.50379
55.57041 56.39962 46.75861 -3.48379
55.59041 55.60995 47.30186 -3.46379
55.61041 54.82586 47.84826 -3.44379
55.63041 54.04736 48.39782 -3.42379
55.65041 53.27444 48.95053 -3.40379
55.67041 52.5071 49.5064 -3.38379
55.69041 51.74534 50.06543 -3.36379
55.71041 50.98916 50.6276 -3.34379
55.73041 50.23857 51.19293 -3.32379
55.75041 49.49355 51.76142 -3.30379
55.77041 48.75412 52.33306 -3.28379
55.79041 48.02027 52.90786 -3.26379
55.81041 47.292 53.48581 -3.24379
55.83041 46.56931 54.06691 -3.22379
55.85041 45.85221 54.65117 -3.20379
55.87041 45.14068 55.23859 -3.18379
55.89041 44.43474 55.82916 -3.16379
55.91041 43.73437 56.42288 -3.14379
55.93041 43.03959 57.01976 -3.12379
55.95041 42.35039 57.61979 -3.10379
55.97041 41.66678 58.22298 -3.08379
55.99041 40.98874 58.82932 -3.06379
56.01041 40.31628 59.43881 -3.04379
56.03041 39.64941 60.05147 -3.02379
56.05041 38.98812 60.66727 -3.00379
56.07041 38.33241 61.28623 -2.98379
56.09041 37.68228 61.90835 -2.96379
56.11041 37.03773 62.53362 -2.94379
56.13041 36.39877 63.16204 -2.92379
56.15041 35.76538 63.79362 -2.90379
56.15363 35.66393 63.8956 -2.90057
56.17363 35.03703 64.53084 -2.88057
56.19363 34.4157 65.16923 -2.86057
56.21363 33.79996 65.81078 -2.84057
56.23363 33.1898 66.45549 -2.82057
56.25363 32.58522 67.10335 -2.80057
56.27363 31.98623 67.75436 -2.78057
56.29363 31.39281 68.40853 -2.76057
56.31363 30.80498 69.06585 -2.74057
56.33363 30.22272 69.72633 -2.72057
56.35363 29.64605 70.38996 -2.70057
56.37363 29.07496 71.05675 -2.68057
56.39363 28.50946 71.72669 -2.66057
56.41363 27.94953 72.39979 -2.64057
56.43363 27.39519 73.07604 -2.62057
56.45363 26.84642 73.75544 -2.60057
56.47363 26.30324 74.438 -2.58057
56.49363 25.76564 75.12372 -2.56057
56.51363 25.23362 75.81259 -2.54057
56.53363 24.70718 76.50461 -2.52057
56.55363 24.18633 77.19979 -2.50057
56.57363 23.67105 77.89812 -2.48057
56.59363 23.16136 78.59961 -2.46057
56.61363 22.65725 79.30425 -2.44057
56.63363 22.15872 80.01205 -2.42057
56.65363 21.66577 80.723 -2.40057
56.67363 21.1784 81.43711 -2.38057
56.69363 20.69662 82.15437 -2.36057
56.71363 20.22041 82.87478 -2.34057
56.73363 19.74979 83.59835 -2.32057
56.75363 19.28475 84.32508 -2.30057
56.75383 19.28006 84.33247 -2.30036
56.76383 19.04966 84.69703 -2.29036
56.78383 18.59305 85.42852 -2.27036
56.80383 18.14202 86.16316 -2.25036
56.82383 17.69657 86.90096 -2.23036
56.84383 17.2567 87.64191 -2.21036
56.86383 16.82241 88.38602 -2.19036
56.88383 16.39371 89.13328 -2.17036
56.90383 15.97059 89.88369 -2.15036
56.90383 15.97059 89.88369 -2.15036
56.90383 15.97059 89.88369 -2.15036
56.90519 15.94197 89.93491 -2.149
56.92519 15.52481 90.6887 -2.129
56.94519 15.11323 91.44564 -2.109
56.96519 14.70723 92.20573 -2.089
56.98519 14.30682 92.96898 -2.069
57.00519 13.91198 93.73538 -2.049
57.02519 13.52273 94.50494 -2.029
57.04519 13.13905 95.27765 -2.009
57.06519 12.76096 96.05352 -1.989
57.08519 12.38845 96.83254 -1.969
57.10519 12.02153 97.61472 -1.949
57.12519 11.66018 98.40005 -1.929
57.14519 11.30441 99.18854 -1.909
57.16519 10.95423 99.98018 -1.889
57.18519 10.60963 100.77497 -1.869
57.20519 10.27061 101.57292 -1.849
57.22519 9.93717 102.37403 -1.829
57.24519 9.60931 103.17829 -1.809
57.26519 9.28703 103.9857 -1.789
57.28519 8.97034 104.79627 -1.769
57.30519 8.65923 105.60999 -1.749
57.32519 8.35369 106.42687 -1.729
57.34519 8.05374 107.2469 -1.709
57.36519 7.75937 108.07008 -1.689
57.38519 7.47059 108.89643 -1.669
57.40519 7.18738 109.72592 -1.649
57.42519 6.90976 110.55857 -1.629
57.44519 6.63771 111.39438 -1.609
57.46519 6.37125 112.23334 -1.589
57.48519 6.11037 113.07545 -1.569
57.50519 5.85507 113.92072 -1.549
57.52519 5.60536 114.76914 -1.529
57.54519 5.36122 115.62072 -1.509
57.56519 5.12279 116.47271 -1.489
57.57019 5.06409 116.68534 -1.484
57.59019 4.83335 117.52421 -1.464
57.59519 4.77669 117.73035 -1.459
57.61519 4.55488 118.52215 -1.439
57.62019 4.50065 118.7107 -1.434
57.64019 4.28943 119.40283 -1.414
57.64519 4.23807 119.55873 -1.409
57.66519 4.03914 120.08749 -1.389
57.67019 3.99105 120.19424 -1.384
57.69019 3.80571 120.49619 -1.364
57.69519 3.76114 120.53891 -1.359
57.71519 3.59005 120.56261 -1.339
57.72019 3.54906 120.53075 -1.334
57.74019 3.39212 120.24523 -1.314
57.74519 3.3546 120.13399 -1.309
57.76519 3.21112 119.52972 -1.289
57.77019 3.17685 119.33899 -1.284
57.79019 3.04589 118.41893 -1.264
57.79519 3.01463 118.14994 -1.259
57.81519 2.89533 116.92024 -1.239
57.82019 2.86688 116.57479 -1.234
57.84019 2.75843 115.04364 -1.214
57.84519 2.73261 114.62403 -1.209
57.86519 2.63429 112.80167 -1.189
57.87019 2.61091 112.3107 -1.184
57.89019 2.52206 110.20927 -1.164
57.89519 2.50098 109.65022 -1.159
57.91519 2.42101 107.28375 -1.139
57.92019 2.40208 106.66035 -1.134
57.94019 2.33045 104.04463 -1.114
57.94519 2.31355 103.36104 -1.109
57.96519 2.24975 100.51528 -1.089
57.97019 2.23473 99.77703 -1.084
57.99019 2.17811 96.73023 -1.064
57.99519 2.16479 95.9465 -1.059
58.01519 2.11441 92.74325 -1.039
58.02019 2.10251 91.92708 -1.034
58.04019 2.05719 88.62432 -1.014
58.04519 2.0464 87.79092 -1.009
58.06519 2.00487 84.44926 -.989
58.07019 1.99486 83.61346 -.984
58.09019 1.95594 80.28715 -.964
58.09519 1.94646 79.46104 -.959
58.11519 1.90924 76.19021 -.939
58.12019 1.9001 75.38165 -.934
58.14019 1.86404 72.1889 -.914
58.14519 1.85516 71.40137 -.909
58.15519 1.83752 69.83923 -.899
58.17519 1.80284 66.76679 -.879
58.19519 1.76892 63.76346 -.859
58.21519 1.73577 60.82927 -.839
58.23519 1.70339 57.96419 -.819
58.25519 1.67179 55.16824 -.799
58.27519 1.64095 52.44142 -.779
58.29519 1.61088 49.78371 -.759
58.31519 1.58159 47.19513 -.739
58.33519 1.55306 44.67568 -.719
58.35519 1.5253 42.22535 -.699
58.37519 1.49832 39.84414 -.679
58.39519 1.4721 37.53205 -.659
58.41519 1.44666 35.28909 -.639
58.43519 1.42198 33.11526 -.619
58.45519 1.39807 31.01054 -.599
58.47519 1.37494 28.97495 -.579
58.49519 1.35257 27.00849 -.559
58.51519 1.33097 25.11115 -.539
58.51519 1.33097 25.11115 -.539
58.53419 1.31117 23.3727 -.52
58.55419 1.29108 21.61015 -.5
58.57419 1.27175 19.91672 -.48
58.59419 1.2532 18.29241 -.46
58.61419 1.23542 16.73723 -.44
58.63419 1.2184 15.25118 -.42
58.65419 1.20216 13.83425 -.4
58.67419 1.18668 12.48644 -.38
58.69419 1.17198 11.20775 -.36
58.71419 1.15805 9.99819 -.34
58.73419 1.14488 8.85775 -.32
58.75419 1.13249 7.78644 -.3
58.77419 1.12087 6.78425 -.28
58.79419 1.11001 5.85118 -.26
58.81419 1.09993 4.98724 -.24
58.83419 1.09062 4.19242 -.22
58.85419 1.08207 3.46672 -.2
58.87419 1.0743 2.81015 -.18
58.89419 1.0673 2.2227 -.16
58.91419 1.06106 1.70438 -.14
58.93419 1.0556 1.25518 -.12
58.95419 1.05091 .8751 -.1
58.97419 1.04698 .56415 -.08
58.99419 1.04383 .32232 -.06
59.01419 1.04145 .14961 -.04
59.03419 1.03984 .04603 -.02
59.05419 1.03899 .01157 0
59.05419 1.03899 .01157 0
59.05419 1.03899 .01157 0
59.07419 1.03892 .04624 .02
59.09419 1.03962 .15003 .04
59.11419 1.04109 .32294 .06
59.13419 1.04333 .56498 .08
59.15419 1.04633 .87614 .1
59.17419 1.05011 1.25642 .12
59.19419 1.05466 1.70583 .14
59.21419 1.05998 2.22436 .16
59.23419 1.06607 2.81201 .18
59.25419 1.07292 3.46879 .2
59.27419 1.08055 4.19469 .22
59.29419 1.08895 4.98972 .24
59.31419 1.09812 5.85387 .26
59.33419 1.10806 6.78714 .28
59.35419 1.11877 7.78954 .3
59.37419 1.13025 8.86106 .32
59.39419 1.1425 10.00171 .34
59.41419 1.15551 11.21147 .36
59.43419 1.1693 12.49037 .38
59.45419 1.18386 13.83838 .4
59.47419 1.19919 15.25552 .42
59.49419 1.21529 16.74178 .44
59.51419 1.23216 18.29717 .46
59.53419 1.2498 19.92168 .48
59.55419 1.26821 21.61531 .5
59.57419 1.28739 23.37807 .52
59.59319 1.30632 25.11672 .539
59.59319 1.30632 25.11672 .539
59.61319 1.327 27.01427 .559
59.63319 1.34846 28.98094 .579
59.65319 1.37068 31.01674 .599
59.67319 1.39367 33.12166 .619
59.69319 1.41743 35.2957 .639
59.71319 1.44196 37.53887 .659
59.73319 1.46726 39.85116 .679
59.75319 1.49333 42.23257 .699
59.77319 1.52018 44.68311 .719
59.79319 1.54779 47.20277 .739
59.81319 1.57617 49.79156 .759
59.83319 1.60532 52.44947 .779
59.85319 1.63524 55.1765 .799
59.87319 1.66594 57.97266 .819
59.89319 1.6974 60.83794 .839
59.91319 1.72963 63.77235 .859
59.93319 1.76263 66.77587 .879
59.95319 1.79641 69.84853 .899
59.96319 1.81358 71.41077 .909
59.98319 1.84852 74.58667 .929
59.98819 1.85738 75.39131 .934
60.00819 1.89342 78.64773 .954
60.01319 1.90259 79.47096 .959
60.03319 1.94019 82.78881 .979
60.03819 1.94983 83.62363 .984
60.05819 1.98979 86.96627 1.004
60.06319 2.00015 87.80133 1.009
60.08319 2.04358 91.11686 1.029
60.08819 2.05497 91.93772 1.034
60.10819 2.10313 95.16603 1.054
60.11319 2.11585 95.95734 1.059
60.13319 2.16991 99.0399 1.079
60.13819 2.18425 99.78803 1.084
60.15819 2.24519 102.67718 1.104
60.16319 2.26135 103.37218 1.109
60.18319 2.32985 106.03578 1.129
60.18819 2.34797 106.67158 1.134
60.20819 2.42455 109.08927 1.154
60.21319 2.44475 109.6615 1.159
60.23319 2.52993 111.81714 1.179
60.23819 2.55235 112.322 1.184
60.25819 2.64669 114.20119 1.204
60.26319 2.67147 114.6353 1.209
60.28319 2.7756 116.22552 1.229
60.28819 2.80292 116.58599 1.234
60.30819 2.91754 117.87662 1.254
60.31319 2.94757 118.16103 1.259
60.33319 3.07344 119.14346 1.279
60.33819 3.10639 119.34993 1.284
60.35819 3.24436 120.0176 1.304
60.36319 3.28044 120.14474 1.309
60.38319 3.4314 120.49391 1.329
60.38819 3.47085 120.54128 1.334
60.40819 3.63557 120.57784 1.354
60.41319 3.67853 120.54919 1.359
60.43319 3.85724 120.29941 1.379
60.43819 3.90367 120.20423 1.384
60.45819 4.0959 119.71588 1.404
60.46319 4.14559 119.56841 1.409
60.48319 4.35017 118.90339 1.429
60.48819 4.40275 118.72005 1.434
60.50819 4.61807 117.943 1.454
60.51319 4.67311 117.73937 1.459
60.53319 4.8975 116.90594 1.479
60.53819 4.95462 116.69402 1.484
60.55819 5.18674 115.84235 1.504
60.56319 5.24567 115.62906 1.509
60.58319 5.48483 114.77722 1.529
60.60319 5.72947 113.92853 1.549
60.62319 5.97958 113.083 1.569
60.64319 6.23518 112.24062 1.589
60.66319 6.49626 111.4014 1.609
60.68319 6.76282 110.56534 1.629
60.70319 7.03485 109.73243 1.649
60.72319 7.31237 108.90268 1.669
60.74319 7.59537 108.07608 1.689
60.76319 7.88385 107.25265 1.709
60.78319 8.17781 106.43236 1.729
60.80319 8.47724 105.61524 1.749
60.82319 8.78216 104.80127 1.769
60.84319 9.09256 103.99046 1.789
60.86319 9.40844 103.1828 1.809
60.88319 9.7298 102.3783 1.829
60.90319 10.05664 101.57696 1.849
60.92319 10.38895 100.77877 1.869
60.94319 10.72675 99.98374 1.889
60.96319 11.07003 99.19186 1.909
60.98319 11.41879 98.40315 1.929
61.00319 11.77303 97.61758 1.949
61.02319 12.13275 96.83518 1.969
61.04319 12.49795 96.05593 1.989
61.06319 12.86863 95.27984 2.009
61.08319 13.24479 94.5069 2.029
61.10319 13.62642 93.73712 2.049
61.12319 14.01354 92.9705 2.069
61.14319 14.40614 92.20703 2.089
61.16319 14.80422 91.44672 2.109
61.18319 15.20778 90.68956 2.129
61.20319 15.61682 89.93557 2.149
61.20455 15.64488 89.88433 2.15036
61.20455 15.64488 89.88433 2.15036
61.20455 15.64488 89.88433 2.15036
61.22455 16.05977 89.13371 2.17036
61.24455 16.48014 88.38624 2.19036
61.26455 16.90599 87.64192 2.21036
61.28455 17.33733 86.90076 2.23036
61.30455 17.77414 86.16276 2.25036
61.32455 18.21643 85.42792 2.27036
61.34455 18.66421 84.69623 2.29036
61.35455 18.89015 84.33157 2.30036
61.37455 19.34614 83.60447 2.32036
61.39455 19.80761 82.88024 2.34036
61.41455 20.27457 82.15888 2.36036
61.43455 20.747 81.4404 2.38036
61.45455 21.22491 80.72481 2.40036
61.47455 21.70831 80.01211 2.42036
61.49455 22.19718 79.3023 2.44036
61.51455 22.69153 78.59539 2.46036
61.53455 23.19137 77.89139 2.48036
61.55455 23.69668 77.19029 2.50036
61.57455 24.20747 76.49211 2.52036
61.59455 24.72375 75.79685 2.54036
61.61455 25.2455 75.10451 2.56036
61.63455 25.77274 74.41509 2.58036
61.65455 26.30545 73.72861 2.60036
61.67455 26.84364 73.04507 2.62036
61.69455 27.38732 72.36448 2.64036
61.71455 27.93647 71.68682 2.66036
61.73455 28.49111 71.01213 2.68036
61.75455 29.05122 70.34038 2.70036
61.77455 29.61681 69.6716 2.72036
61.79455 30.18789 69.00579 2.74036
61.81455 30.76444 68.34294 2.76036
61.83455 31.34648 67.68307 2.78036
61.85455 31.93399 67.02618 2.80036
61.87455 32.52699 66.37228 2.82036
61.89455 33.12546 65.72136 2.84036
61.91455 33.72942 65.07344 2.86036
61.93455 34.33885 64.42851 2.88036
61.95455 34.95376 63.78659 2.90036
61.95522 34.97443 63.76517 2.90103
61.97522 35.59501 63.12646 2.92103
61.99522 36.22107 62.49098 2.94103
62.01522 36.8526 61.85873 2.96103
62.03522 37.48962 61.2297 2.98103
62.05522 38.13212 60.60391 3.00103
62.07522 38.7801 59.98134 3.02103
62.09522 39.43356 59.362 3.04103
62.11522 40.0925 58.74588 3.06103
62.13522 40.75692 58.133 3.08103
62.15522 41.42681 57.52334 3.10103
62.17522 42.10219 56.91691 3.12103
62.19522 42.78305 56.3137 3.14103
62.21522 43.46939 55.71373 3.16103
62.23522 44.16121 55.11698 3.18103
62.25522 44.85851 54.52346 3.20103
62.27522 45.56129 53.93317 3.22103
62.29522 46.26955 53.3461 3.24103
62.31522 46.98329 52.76226 3.26103
62.33522 47.70251 52.18165 3.28103
62.35522 48.42721 51.60427 3.30103
62.37522 49.15739 51.03011 3.32103
62.39522 49.89305 50.45918 3.34103
62.41522 50.63419 49.89148 3.36103
62.43522 51.38081 49.32701 3.38103
62.45522 52.13291 48.76576 3.40103
62.47522 52.89049 48.20775 3.42103
62.49522 53.65355 47.65296 3.44103
62.51522 54.42209 47.10139 3.46103
62.53522 55.19611 46.55306 3.48103
62.55522 55.97561 46.00795 3.50103
62.57522 56.76059 45.46607 3.52103
62.57962 56.93398 45.34732 3.52543
62.59962 57.70824 44.82401 3.54543
62.61962 58.45115 44.33183 3.56543
62.63962 59.16178 43.87017 3.58543
62.65962 59.83923 43.43844 3.60543
62.67962 60.48265 43.03609 3.62543
62.69962 61.09124 42.66261 3.64543
62.71962 61.66421 42.31755 3.66543
62.73962 62.20085 42.00046 3.68543
62.75962 62.70049 41.71094 3.70543
62.77962 63.16249 41.44864 3.72543
62.79962 63.58627 41.21321 3.74543
62.81962 63.9713 41.00436 3.76543
62.83362 64.21751 40.87384 3.77943
62.85362 64.55558 40.6966 3.79943
62.87362 64.89455 40.51977 3.81943
62.89362 65.23442 40.34334 3.83943
62.91362 65.57519 40.16732 3.85943
62.93362 65.91686 39.9917 3.87943
62.95362 66.25943 39.81649 3.89943
62.97362 66.6029 39.64168 3.91943
62.99362 66.94727 39.46728 3.93943
63.0077 67.19018 39.34478 3.95351
63.0077 67.19018 39.34478 3.95351
63.0277 67.53608 39.17106 3.97351
63.0477 67.88288 38.99775 3.99351
63.0677 68.23059 38.82485 4.01351
63.0757 68.36992 38.7558 4.02151
63.0957 68.70358 38.59261 4.04151
63.1157 69.00632 38.44753 4.06151
63.1357 69.27788 38.32044 4.08151
63.1557 69.51801 38.2112 4.10151
63.1757 69.72648 38.11973 4.12151
63.1957 69.90309 38.04593 4.14151
63.2157 70.04769 37.98975 4.16151
63.2357 70.16015 37.95112 4.18151
63.2557 70.24036 37.93001 4.20151
63.2757 70.28824 37.92641 4.22151
63.2957 70.30376 37.9403 4.24151
63.3157 70.28689 37.97171 4.26151
63.3357 70.23766 38.02066 4.28151
63.3557 70.15611 38.08719 4.30151
63.3757 70.04231 38.17137 4.32151
63.3957 69.89637 38.27328 4.34151
63.4157 69.71842 38.393 4.36151
63.4357 69.50863 38.53066 4.38151
63.4557 69.26719 38.68637 4.40151
63.4757 68.99433 38.86028 4.42151
63.4957 68.69028 39.05255 4.44151
63.5157 68.35535 39.26336 4.46151
63.5357 67.98982 39.4929 4.48151
63.5397 67.91308 39.54107 4.48551
63.5597 67.52743 39.78457 4.50551
63.5797 67.14289 40.02883 4.52551
63.5997 66.75947 40.27386 4.54551
63.6197 66.37715 40.51966 4.56551
63.6397 65.99595 40.76622 4.58551
63.6597 65.61585 41.01356 4.60551
63.6797 65.23686 41.26166 4.62551
63.6997 64.85898 41.51052 4.64551
63.7197 64.48222 41.76016 4.66551
63.7397 64.10656 42.01056 4.68551
63.7597 63.73201 42.26173 4.70551
63.7797 63.35857 42.51367 4.72551
63.7997 62.98625 42.76638 4.74551
63.8197 62.61503 43.01985 4.76551
63.8397 62.24492 43.2741 4.78551
63.8597 61.87592 43.5291 4.80551
63.8797 61.50804 43.78488 4.82551
63.8997 61.14126 44.04143 4.84551
63.9197 60.77559 44.29874 4.86551
63.9397 60.41103 44.55682 4.88551
63.9597 60.04758 44.81566 4.90551
63.9797 59.68524 45.07528 4.92551
63.9997 59.32401 45.33566 4.94551
64.0197 58.9639 45.59681 4.96551
64.0397 58.60489 45.85873 4.98551
64.0597 58.24699 46.12141 5.00551
64.0797 57.8902 46.38487 5.02551
64.0997 57.53452 46.64909 5.04551
64.1197 57.17995 46.91407 5.06551
64.1397 56.82649 47.17983 5.08551
64.1597 56.47414 47.44635 5.10551
64.1797 56.1229 47.71364 5.12551
64.1997 55.77277 47.9817 5.14551
64.2197 55.42375 48.25053 5.16551
64.2397 55.07584 48.52012 5.18551
64.2597 54.72904 48.79048 5.20551
64.2797 54.38335 49.06161 5.22551
64.2997 54.03877 49.33351 5.24551
64.3197 53.6953 49.60617 5.26551
64.3397 53.35294 49.8796 5.28551
64.3597 53.01169 50.1538 5.30551
64.3797 52.67155 50.42877 5.32551
64.3997 52.33251 50.7045 5.34551
64.4197 51.99459 50.981 5.36551
64.4397 51.65778 51.25827 5.38551
64.4597 51.32208 51.53631 5.40551
64.4797 50.98749 51.81511 5.42551
64.4997 50.65401 52.09469 5.44551
64.5197 50.32164 52.37503 5.46551
64.5397 49.99037 52.65613 5.48551
64.5597 49.66022 52.93801 5.50551
64.5797 49.33118 53.22065 5.52551
64.5997 49.00325 53.50406 5.54551
64.6197 48.67642 53.78824 5.56551
64.6397 48.35071 54.07319 5.58551
64.6597 48.02611 54.3589 5.60551
64.6797 47.70262 54.64538 5.62551
64.6997 47.38023 54.93263 5.64551
64.7197 47.05896 55.22064 5.66551
64.7397 46.7388 55.50943 5.68551
64.7597 46.41975 55.79898 5.70551
64.76093 46.40014 55.81682 5.70674
64.76093 46.40014 55.81682 5.70674
64.78093 46.08227 56.10719 5.72674
64.80093 45.7655 56.39832 5.74674
64.82093 45.44985 56.69022 5.76674
64.84093 45.1353 56.98289 5.78674
64.86093 44.82187 57.27633 5.80674
64.88093 44.50954 57.57053 5.82674
64.90093 44.19833 57.8655 5.84674
64.92093 43.88822 58.16124 5.86674
64.94093 43.57922 58.45775 5.88674
64.96093 43.27134 58.75502 5.90674
64.97593 43.04115 58.97848 5.92174
64.97593 43.04115 58.97848 5.92174
64.99593 42.73521 59.2771 5.94174
65.01593 42.43037 59.57649 5.96174
65.03593 42.12665 59.87664 5.98174
65.05593 41.82404 60.17756 6.00174
65.07593 41.52253 60.47925 6.02174
65.08693 41.35718 60.6455 6.03274
65.10693 41.05913 60.94593 6.05274
65.12693 40.76552 61.24211 6.07274
65.14693 40.47632 61.53399 6.09274
65.16693 40.19148 61.82152 6.11274
65.18693 39.91094 62.10466 6.13274
65.20693 39.63466 62.38335 6.15274
65.22693 39.3626 62.65756 6.17274
65.24693 39.09472 62.92724 6.19274
65.26693 38.83096 63.19234 6.21274
65.28693 38.57128 63.45282 6.23274
65.30693 38.31565 63.70864 6.25274
65.32693 38.06402 63.95975 6.27274
65.34693 37.81635 64.20612 6.29274
65.36693 37.57259 64.4477 6.31274
65.38693 37.33272 64.68446 6.33274
65.40693 37.09668 64.91636 6.35274
65.42693 36.86444 65.14335 6.37274
65.44693 36.63597 65.3654 6.39274
65.46693 36.41122 65.58248 6.41274
65.48693 36.19016 65.79454 6.43274
65.50693 35.97275 66.00156 6.45274
65.52693 35.75896 66.2035 6.47274
65.54693 35.54875 66.40033 6.49274
65.56693 35.34209 66.59201 6.51274
65.58693 35.13894 66.77851 6.53274
65.60693 34.93926 66.95981 6.55274
65.62693 34.74304 67.13587 6.57274
65.63493 34.66551 67.20482 6.58074
65.65493 34.47261 67.37624 6.60074
65.67493 34.28028 67.54788 6.62074
65.69493 34.0885 67.71975 6.64074
65.71493 33.89729 67.89186 6.66074
65.73493 33.70664 68.06419 6.68074
65.75493 33.51655 68.23675 6.70074
65.77493 33.32702 68.40955 6.72074
65.79493 33.13805 68.58257 6.74074
65.81493 32.94965 68.75582 6.76074
65.83493 32.7618 68.92931 6.78074
65.85493 32.57452 69.10302 6.80074
65.87493 32.3878 69.27697 6.82074
65.89493 32.20164 69.45114 6.84074
65.91493 32.01604 69.62555 6.86074
65.93493 31.831 69.80019 6.88074
65.95493 31.64652 69.97505 6.90074
65.96093 31.59129 70.02756 6.90674
65.96093 31.59129 70.02756 6.90674
65.98093 31.40754 70.20272 6.92674
66.00093 31.22436 70.37812 6.94674
66.02093 31.04173 70.55374 6.96674
66.04093 30.85967 70.7296 6.98674
66.06093 30.67817 70.90568 7.00674
66.08093 30.49723 71.082 7.02674
66.10093 30.31685 71.25855 7.04674
66.12093 30.13703 71.43532 7.06674
66.14093 29.95778 71.61233 7.08674
66.16093 29.77908 71.78957 7.10674
66.18093 29.60095 71.96703 7.12674
66.20093 29.42338 72.14473 7.14674
66.22093 29.24637 72.32266 7.16674
66.24093 29.06992 72.50082 7.18674
66.26093 28.89403 72.67921 7.20674
66.28093 28.7187 72.85782 7.22674
66.30093 28.54394 73.03667 7.24674
66.32093 28.36973 73.21575 7.26674
66.34093 28.19609 73.39506 7.28674
66.36093 28.02301 73.5746 7.30674
66.38093 27.85049 73.75437 7.32674
66.40093 27.67853 73.93437 7.34674
66.42093 27.50713 74.1146 7.36674
66.44093 27.33629 74.29506 7.38674
66.46093 27.16602 74.47575 7.40674
66.48093 26.9963 74.65667 7.42674
66.50093 26.82715 74.83782 7.44674
66.52093 26.65856 75.0192 7.46674
66.54093 26.49053 75.20081 7.48674
66.56093 26.32306 75.38265 7.50674
66.58093 26.15616 75.56472 7.52674
66.60093 25.98981 75.74703 7.54674
66.62093 25.82403 75.92956 7.56674
66.64093 25.6588 76.11232 7.58674
66.66093 25.49414 76.29531 7.60674
66.68093 25.33004 76.47854 7.62674
66.70093 25.1665 76.66199 7.64674
66.72093 25.00352 76.84567 7.66674
66.74093 24.84111 77.02958 7.68674
66.76093 24.67925 77.21373 7.70674
66.78093 24.51796 77.3981 7.72674
66.80093 24.35723 77.58271 7.74674
66.82093 24.19706 77.76754 7.76674
66.84093 24.03745 77.9526 7.78674
66.86093 23.8784 78.1379 7.80674
66.88093 23.71991 78.32342 7.82674
66.90093 23.56198 78.50918 7.84674
66.92093 23.40462 78.69516 7.86674
66.94093 23.24782 78.88138 7.88674
66.96093 23.09158 79.06782 7.90674
66.98093 22.9359 79.2545 7.92674
67.00093 22.78078 79.44141 7.94674
67.02093 22.62622 79.62854 7.96674
67.04093 22.47222 79.81591 7.98674
67.06093 22.31879 80.00351 8.00674
67.08093 22.16591 80.19133 8.02674
67.10093 22.0136 80.37939 8.04674
67.12093 21.86185 80.56768 8.06674
67.14093 21.71066 80.75619 8.08674
67.16093 21.56003 80.94494 8.10674
67.18093 21.40996 81.13392 8.12674
67.20093 21.26046 81.32313 8.14674
67.22093 21.11151 81.51257 8.16674
67.24093 20.96313 81.70223 8.18674
67.26093 20.81531 81.89213 8.20674
67.28093 20.66805 82.08226 8.22674
67.30093 20.52135 82.27262 8.24674
67.32093 20.37521 82.46321 8.26674
67.34093 20.22963 82.65403 8.28674
67.36093 20.08462 82.84508 8.30674
67.38093 19.94016 83.03636 8.32674
67.40093 19.79627 83.22787 8.34674
67.42093 19.65294 83.41961 8.36674
67.44093 19.51017 83.61158 8.38674
67.46093 19.36796 83.80378 8.40674
67.48093 19.22631 83.99621 8.42674
67.50093 19.08523 84.18888 8.44674
67.52093 18.9447 84.38177 8.46674
67.54093 18.80474 84.57489 8.48674
67.56093 18.66534 84.76824 8.50674
67.58093 18.5265 84.96182 8.52674
67.60093 18.38822 85.15563 8.54674
67.62093 18.2505 85.34968 8.56674
67.64093 18.11334 85.54395 8.58674
67.66093 17.97675 85.73845 8.60674
67.68093 17.84072 85.93319 8.62674
67.70093 17.70524 86.12815 8.64674
67.72093 17.57033 86.32334 8.66674
67.74093 17.43598 86.51877 8.68674
67.76093 17.30219 86.71442 8.70674
67.78093 17.16897 86.91031 8.72674
67.80093 17.0363 87.10642 8.74674
67.82093 16.90419 87.30277 8.76674
67.84093 16.77265 87.49934 8.78674
67.86093 16.64167 87.69615 8.80674
67.88093 16.51125 87.89318 8.82674
67.90093 16.38139 88.09045 8.84674
67.92093 16.25209 88.28794 8.86674
67.93453 16.16447 88.4224 8.88034
67.93453 16.16447 88.4224 8.88034
67.95453 16.03611 88.62028 8.90034
67.97453 15.90832 88.8184 8.92034
67.99453 15.78109 89.01674 8.94034
68.01453 15.65442 89.21531 8.96034
68.03453 15.52831 89.41412 8.98034
68.04553 15.45919 89.52356 8.99134
68.06553 15.33625 89.70981 9.01134
68.08553 15.21828 89.8702 9.03134
68.10553 15.10523 90.00464 9.05134
68.12553 14.99701 90.11305 9.07134
68.14553 14.89358 90.19535 9.09134
68.16553 14.79487 90.25152 9.11134
68.18553 14.70082 90.28151 9.13134
68.20553 14.61137 90.2853 9.15134
68.22553 14.52649 90.2629 9.17134
68.24553 14.44611 90.21431 9.19134
68.26553 14.37019 90.13957 9.21134
68.28553 14.29868 90.03871 9.23134
68.30553 14.23155 89.91181 9.25134
68.32553 14.16876 89.75892 9.27134
68.34553 14.11027 89.58015 9.29134
68.36553 14.05604 89.37558 9.31134
68.38553 14.00604 89.14535 9.33134
68.40553 13.96025 88.88958 9.35134
68.42553 13.91864 88.60843 9.37134
68.44553 13.88118 88.30206 9.39134
68.46553 13.84785 87.97064 9.41134
68.48553 13.81864 87.61436 9.43134
68.50553 13.79352 87.23344 9.45134
68.52553 13.77248 86.8281 9.47134
68.54553 13.75552 86.39857 9.49134
68.56553 13.74261 85.94509 9.51134
68.58553 13.73375 85.46795 9.53134
68.59353 13.73134 85.27052 9.53934
68.61353 13.72615 84.77328 9.55934
68.63353 13.72102 84.27751 9.57934
68.65353 13.71595 83.7832 9.59934
68.67353 13.71094 83.29035 9.61934
68.69353 13.70599 82.79897 9.63934
68.71353 13.7011 82.30905 9.65934
68.73353 13.69627 81.8206 9.67934
68.75353 13.69149 81.3336 9.69934
68.77353 13.68678 80.84807 9.71934
68.79353 13.68213 80.36401 9.73934
68.81353 13.67753 79.88141 9.75934
68.83353 13.67299 79.40027 9.77934
68.85353 13.66852 78.92059 9.79934
68.87353 13.6641 78.44238 9.81934
68.89353 13.65974 77.96563 9.83934
68.91353 13.65544 77.49035 9.85934
68.93353 13.6512 77.01653 9.87934
68.95353 13.64702 76.54417 9.89934
68.97353 13.6429 76.07327 9.91934
68.99353 13.63884 75.60384 9.93934
69.01353 13.63483 75.13587 9.95934
69.03353 13.63089 74.66937 9.97934
69.05353 13.62701 74.20433 9.99934
69.07353 13.62318 73.74075 10.01934
69.09353 13.61941 73.27864 10.03934
69.11353 13.61571 72.81798 10.05934
69.13353 13.61206 72.3588 10.07934
69.15353 13.60847 71.90107 10.09934
69.17353 13.60494 71.44481 10.11934
69.19353 13.60147 70.99002 10.13934
69.21353 13.59806 70.53668 10.15934
69.23353 13.59471 70.08481 10.17934
69.25353 13.59142 69.6344 10.19934
69.27353 13.58819 69.18546 10.21934
69.29353 13.58501 68.73798 10.23934
69.31353 13.5819 68.29196 10.25934
69.33353 13.57884 67.84741 10.27934
69.35353 13.57585 67.40432 10.29934
69.37353 13.57291 66.96269 10.31934
69.39353 13.57003 66.52253 10.33934
69.41353 13.56722 66.08383 10.35934
69.43353 13.56446 65.64659 10.37934
69.45353 13.56176 65.21082 10.39934
69.47353 13.55912 64.77651 10.41934
69.49353 13.55654 64.34367 10.43934
69.51353 13.55402 63.91228 10.45934
69.53353 13.55155 63.48236 10.47934
69.55353 13.54915 63.05391 10.49934
69.57353 13.54681 62.62692 10.51934
69.59353 13.54452 62.20139 10.53934
69.61353 13.5423 61.77732 10.55934
69.63353 13.54013 61.35472 10.57934
69.65353 13.53802 60.93358 10.59934
69.67353 13.53598 60.51391 10.61934
69.69353 13.53399 60.09569 10.63934
69.71353 13.53206 59.67895 10.65934
69.73353 13.53019 59.26366 10.67934
69.75353 13.52838 58.84984 10.69934
69.77353 13.52663 58.43748 10.71934
69.79353 13.52493 58.02659 10.73934
69.81353 13.5233 57.61715 10.75934
69.83353 13.52173 57.20919 10.77934
69.85353 13.52021 56.80268 10.79934
69.87353 13.51876 56.39764 10.81934
69.89353 13.51736 55.99406 10.83934
69.91353 13.51603 55.59195 10.85934
69.93353 13.51475 55.1913 10.87934
69.95353 13.51353 54.79211 10.89934
69.97353 13.51237 54.39439 10.91934
69.99353 13.51127 53.99812 10.93934
70.01353 13.51023 53.60333 10.95934
70.03353 13.50925 53.20999 10.97934
70.05353 13.50833 52.81812 10.99934
70.07353 13.50746 52.42772 11.01934
70.09353 13.50666 52.03877 11.03934
70.11353 13.50592 51.65129 11.05934
70.13353 13.50523 51.26528 11.07934
70.15353 13.50461 50.88072 11.09934
70.17353 13.50404 50.49763 11.11934
70.19353 13.50353 50.11601 11.13934
70.21353 13.50309 49.73584 11.15934
70.23353 13.5027 49.35714 11.17934
70.25353 13.50237 48.97991 11.19934
70.27353 13.5021 48.60413 11.21934
70.29353 13.50189 48.22982 11.23934
70.31353 13.50174 47.85698 11.25934
70.33353 13.50164 47.4856 11.27934
70.35353 13.50161 47.11568 11.29934
70.37353 13.50164 46.74722 11.31934
70.39353 13.50172 46.38023 11.33934
70.41353 13.50187 46.0147 11.35934
70.43353 13.50207 45.65063 11.37934
70.45353 13.50233 45.28803 11.39934
70.47353 13.50266 44.92689 11.41934
70.49353 13.50304 44.56722 11.43934
70.51353 13.50348 44.20901 11.45934
70.53353 13.50398 43.85226 11.47934
70.55353 13.50454 43.49697 11.49934
70.57353 13.50516 43.14315 11.51934
70.59353 13.50583 42.79079 11.53934
70.61353 13.50657 42.4399 11.55934
70.63353 13.50737 42.09047 11.57934
70.65353 13.50822 41.7425 11.59934
70.67353 13.50914 41.39599 11.61934
70.69353 13.51011 41.05095 11.63934
70.71353 13.51115 40.70737 11.65934
70.73353 13.51224 40.36526 11.67934
70.75353 13.51339 40.02461 11.69934
70.77353 13.5146 39.68542 11.71934
70.79353 13.51587 39.3477 11.73934
70.81353 13.5172 39.01144 11.75934
70.83353 13.51859 38.67664 11.77934
70.85353 13.52004 38.3433 11.79934
70.87353 13.52155 38.01143 11.81934
70.89353 13.52311 37.68103 11.83934
70.91353 13.52474 37.35208 11.85934
70.93353 13.52642 37.0246 11.87934
70.95353 13.52817 36.69859 11.89934
70.97353 13.52997 36.37403 11.91934
70.99353 13.53184 36.05094 11.93934
71.01353 13.53376 35.72932 11.95934
71.03353 13.53574 35.40915 11.97934
71.05353 13.53778 35.09045 11.99934
71.07353 13.53988 34.77322 12.01934
71.09353 13.54204 34.45744 12.03934
71.11353 13.54426 34.14313 12.05934
71.13353 13.54654 33.83029 12.07934
71.15353 13.54887 33.51891 12.09934
71.17353 13.55127 33.20899 12.11934
71.19353 13.55372 32.90053 12.13934
71.21353 13.55624 32.59354 12.15934
71.23353 13.55881 32.28801 12.17934
71.25353 13.56145 31.98394 12.19934
71.27353 13.56414 31.68134 12.21934
71.29353 13.56689 31.3802 12.23934
71.29799 13.56751 31.31332 12.24379
71.29799 13.56751 31.31332 12.24379
71.39799 13.58223 29.83121 12.34379
71.49099 13.59724 28.48568 12.43679
71.49099 13.59724 28.48568 12.43679
71.59099 13.61481 27.07417 12.53679
71.62199 13.62056 26.64404 12.56779
71.72199 13.54521 25.46257 12.66779
71.82199 13.28385 24.65723 12.76779
71.92199 12.84373 24.20549 12.86779
72.02199 12.23713 24.09472 12.96779
72.02999 12.18188 24.10043 12.97579
72.12999 11.49724 24.18593 13.07579
72.22999 10.83408 24.2724 13.17579
72.32999 10.19241 24.35986 13.27579
72.42999 9.57223 24.44829 13.37579
72.52999 8.97354 24.5377 13.47579
72.62999 8.39634 24.6281 13.57579
72.72999 7.84063 24.71947 13.67579
72.82999 7.30641 24.81182 13.77579
72.92999 6.79368 24.90516 13.87579
73.02999 6.30244 24.99947 13.97579
73.12999 5.83269 25.09476 14.07579
73.22999 5.38443 25.19104 14.17579
73.32999 4.95766 25.28829 14.27579
73.42999 4.55237 25.38652 14.37579
73.52999 4.16858 25.48573 14.47579
73.62999 3.80628 25.58592 14.57579
73.72999 3.46547 25.68709 14.67579
73.82999 3.14615 25.78924 14.77579
73.92999 2.84831 25.89238 14.87579
74.02999 2.57197 25.99649 14.97579
74.12999 2.31712 26.10158 15.07579
74.22999 2.08376 26.20765 15.17579
74.23453 2.07365 26.2125 15.18034
75.269 .93068 27.04553 16.21481
75.369 .94161 27.09941 16.31481
75.469 .97404 27.15407 16.41481
75.525 1.00158 27.18503 16.47081
75.525 1.00158 27.18503 16.47081
75.619 1.06297 27.23756 16.56481
75.819 1.25675 27.35165 16.76481
75.919 1.38588 27.40988 16.86481
75.945 1.42298 27.42516 16.89081
76.045 1.58872 27.30945 16.99081
76.145 1.7984 26.84795 17.09081
76.245 2.05739 26.05244 17.19081
76.255 2.08624 25.95522 17.20081
76.355 2.39295 24.97845 17.30081
76.44 2.67723 24.16355 17.38581
76.44 2.67723 24.16355 17.38581
76.54 3.03941 23.22289 17.48581
76.64 3.43157 22.30175 17.58581
76.74 3.85372 21.40013 17.68581
76.84 4.30584 20.51802 17.78581
76.94 4.78795 19.65544 17.88581
76.97155 4.94628 19.38735 17.91736
78.38651 15.06285 9.05607 19.33232
78.48651 16.00695 8.47016 19.43232
78.58651 16.98103 7.90612 19.53232
78.68651 17.98509 7.36396 19.63232
78.73651 18.49837 7.10108 19.68232
78.93651 20.62642 6.10426 19.88232
79.03651 21.73542 5.63867 19.98232
79.06251 22.02867 5.5212 20.00832
79.16251 22.84237 5.16236 20.10832
79.26251 22.98755 4.96862 20.20832
79.36251 22.45566 4.92843 20.30832
79.37251 22.3661 4.93269 20.31832
79.47251 21.45097 4.98509 20.41832
79.55751 20.68885 5.03301 20.50332
79.55751 20.68885 5.03301 20.50332
79.65751 19.81077 5.09339 20.60332
79.75751 18.95272 5.15807 20.70332
79.85751 18.11469 5.22706 20.80332
79.95751 17.2967 5.30036 20.90332
80.05751 16.49873 5.37798 21.00332
80.08906 16.25113 5.40336 21.03487
81.50401 7.22434 6.84616 22.44982
81.60401 6.73497 6.96861 22.54982
81.70401 6.26564 7.09505 22.64982
81.76001 6.01156 7.16759 22.70582
81.76001 6.01156 7.16759 22.70582
81.85401 5.59919 7.29217 22.79982
82.05401 4.78068 7.56892 22.99982
82.15401 4.40147 7.71328 23.09982
82.18001 4.30616 7.75146 23.12582
82.28001 4.0029 7.80569 23.22582
82.38001 3.8104 7.67269 23.32582
82.48001 3.7192 7.35893 23.42582
82.49001 3.71544 7.31813 23.43582
82.59001 3.68534 6.91011 23.53582
82.67501 3.66409 6.57471 23.62082
82.67501 3.66409 6.57471 23.62082
82.77501 3.64421 6.19355 23.72082
82.87501 3.62986 5.8269 23.82082
82.97501 3.62104 5.47477 23.92082
83.07501 3.61774 5.13715 24.02082
83.17501 3.61998 4.81405 24.12082
83.20656 3.62183 4.71512 24.15237
84.62152 4.26587 1.70684 25.56733
84.72152 4.35328 1.60538 25.66733
84.82152 4.44623 1.51912 25.76733
84.92152 4.54471 1.44806 25.86733
84.97152 4.59602 1.41823 25.91733
85.17152 4.81508 1.33692 26.11733
85.27152 4.9329 1.31907 26.21733
85.29752 4.96444 1.31692 26.24333
85.39752 5.02623 1.33484 26.34333
85.49752 4.96588 1.40218 26.44333
85.59752 4.78641 1.52235 26.54333
85.60752 4.76221 1.53749 26.55333
85.70752 4.52063 1.70255 26.65333
85.79252 4.32362 1.85919 26.73833
85.79252 4.32362 1.85919 26.73833
85.89252 4.10164 2.06271 26.83833
85.99252 3.89027 2.28702 26.93833
86.09252 3.6895 2.53211 27.03833
86.19252 3.49932 2.79799 27.13833
86.29252 3.31974 3.08466 27.23833
86.39252 3.15077 3.39212 27.33833
86.49252 2.99239 3.72037 27.43833
86.59252 2.84461 4.0694 27.53833
86.69252 2.70743 4.43922 27.63833
86.79252 2.58085 4.82983 27.73833
86.89252 2.46487 5.24123 27.83833
86.99252 2.35948 5.67341 27.93833
87.09252 2.2647 6.12638 28.03833
87.19252 2.18052 6.60014 28.13833
87.29252 2.10693 7.09469 28.23833
87.39252 2.04394 7.61003 28.33833
87.49252 1.99156 8.14615 28.43833
87.59252 1.94977 8.70306 28.53833
87.69252 1.91858 9.28076 28.63833
87.79252 1.89799 9.87925 28.73833
87.89252 1.888 10.49852 28.83833
87.99252 1.8886 11.13859 28.93833
88.09252 1.89981 11.79944 29.03833
88.19252 1.92162 12.48108 29.13833
88.27152 1.94634 13.03427 29.21733
88.47152 2.03849 14.49275 29.41733
88.51752 2.06569 14.83997 29.46333
88.51752 2.06569 14.83997 29.46333
88.59752 2.11832 15.45429 29.54333
88.69752 2.22903 15.98351 29.64333
88.79752 2.4273 15.99617 29.74333
88.89752 2.72619 15.49144 29.84333
88.90752 2.7623 15.4135 29.85333
89.00752 3.14661 14.62348 29.95333
89.07352 3.41768 14.11419 30.01933
89.07352 3.41768 14.11419 30.01933
89.17352 3.85479 13.36089 30.11933
89.27352 4.3237 12.6297 30.21933
89.37352 4.82443 11.92062 30.31933
89.47352 5.35696 11.23366 30.41933
89.57352 5.9213 10.56882 30.51933
89.62407 6.21867 10.24115 30.56988
91.03902 17.78148 3.23273 31.98483
91.13902 18.84197 2.90796 32.08483
91.23902 19.93427 2.6069 32.18483
91.33902 21.05838 2.32956 32.28483
91.38902 21.63235 2.19978 32.33483
91.58902 24.00779 1.73994 32.53483
91.68902 25.24322 1.54559 32.63483
91.71502 25.56964 1.49895 32.66083
91.81502 26.4672 1.35513 32.76083
91.91502 26.60593 1.27035 32.86083
92.01502 25.97783 1.23965 32.96083
92.02502 25.87386 1.23946 32.97083
92.12502 24.81229 1.24822 33.07083
92.21002 23.92807 1.26836 33.15583
92.21002 23.92807 1.26836 33.15583
92.31002 22.90909 1.30697 33.25583
92.41002 21.91315 1.36173 33.35583
92.51002 20.94022 1.43261 33.45583
92.61002 19.99033 1.51964 33.55583
92.71002 19.06346 1.6228 33.65583
92.74157 18.77581 1.6587 33.68738
94.15653 8.26447 4.8631 35.10234
94.25653 7.69239 5.20222 35.20234
94.35653 7.14333 5.55673 35.30234
94.41253 6.84592 5.76199 35.35834
94.41253 6.84592 5.76199 35.35834
94.50653 6.36292 6.11739 35.45234
94.70653 5.40296 6.91886 35.65234
94.80653 4.95752 7.3427 35.75234
94.83253 4.84547 7.45542 35.77834
94.93253 4.49626 7.78887 35.87834
95.03253 4.29009 7.9049 35.97834
95.13253 4.21501 7.79684 36.07834
95.14253 4.21449 7.77384 36.08834
95.24253 4.21789 7.53675 36.18834
95.32753 4.22452 7.34016 36.27334
95.32753 4.22452 7.34016 36.27334
95.42753 4.2367 7.11469 36.37334
95.52753 4.25363 6.89551 36.47334
95.62753 4.27531 6.68261 36.57334
95.72753 4.30173 6.476 36.67334
95.82753 4.3329 6.27567 36.77334
95.85908 4.34371 6.21377 36.80489
97.27404 5.30879 3.97065 38.21985
97.37404 5.41308 3.85583 38.31985
97.47404 5.52212 3.74782 38.41985
97.57404 5.6359 3.64659 38.51985
97.62404 5.69457 3.59853 38.56985
97.82404 5.94112 3.42327 38.76985
97.92404 6.07152 3.34584 38.86985
97.95004 6.1062 3.32682 38.89585
98.05004 6.15876 3.30309 38.99585
98.15004 6.04731 3.37608 39.09585
98.25004 5.77789 3.54977 39.19585
98.26004 5.74276 3.57299 39.20585
98.36004 5.39253 3.81818 39.30585
98.44504 5.10633 4.03726 39.39085
98.44504 5.10633 4.03726 39.39085
98.54504 4.78314 4.30752 39.49085
98.64504 4.47456 4.59134 39.59085
98.74504 4.18059 4.88871 39.69085
98.84504 3.90124 5.19963 39.79085
98.94504 3.63649 5.5241 39.89085
98.97659 3.556 5.62929 39.9224
100.39154 1.44398 11.55031 41.33735
100.49154 1.40439 12.04819 41.43735
100.59154 1.37941 12.55827 41.53735
100.64754 1.37181 12.84925 41.59335
100.64754 1.37181 12.84925 41.59335
100.74154 1.36934 13.34627 41.68735
100.94154 1.40706 14.43964 41.88735
101.04154 1.44784 15.00462 41.98735
101.06754 1.46083 15.15352 42.01335
101.16754 1.53808 15.54782 42.11335
101.26754 1.66921 15.56971 42.21335
101.36754 1.86061 15.21813 42.31335
101.37754 1.88339 15.16293 42.32335
101.47754 2.12776 14.60048 42.42335
101.56254 2.35504 14.13181 42.50835
101.56254 2.35504 14.13181 42.50835
101.66254 2.64546 13.59151 42.60835
101.76254 2.96078 13.06319 42.70835
101.86254 3.30099 12.54684 42.80835
101.96254 3.6661 12.04246 42.90835
102.06254 4.05611 11.55006 43.00835
102.09409 4.18433 11.39719 43.0399
103.50905 12.43949 5.58482 44.45486
103.60905 13.21314 5.26199 44.55486
103.70905 14.01168 4.95245 44.65486
103.80905 14.83512 4.65622 44.75486
103.90905 15.68346 4.37328 44.85486
103.93405 15.89943 4.30463 44.87986
104.03405 16.54826 4.09795 44.97986
104.13405 16.73556 4.01568 45.07986
104.23405 16.45075 4.05312 45.17986
104.24405 16.39669 4.06347 45.18986
104.34405 15.84032 4.17658 45.28986
104.42905 15.37593 4.27776 45.37486
104.42905 15.37593 4.27776 45.37486
104.52905 14.83962 4.40272 45.47486
104.62905 14.31415 4.53408 45.57486
104.72905 13.79953 4.67186 45.67486
104.82905 13.29575 4.81604 45.77486
104.92905 12.80282 4.96663 45.87486
105.02905 12.32073 5.12363 45.97486
105.12905 11.84948 5.28704 46.07486
105.22905 11.38908 5.45686 46.17486
105.32905 10.93952 5.63308 46.27486
105.42905 10.50081 5.81571 46.37486
105.52905 10.07294 6.00475 46.47486
105.62905 9.65591 6.2002 46.57486
105.72905 9.24973 6.40206 46.67486
105.82905 8.85439 6.61032 46.77486
105.92905 8.4699 6.825 46.87486
106.02905 8.09625 7.04608 46.97486
106.12905 7.73345 7.27356 47.07486
106.22905 7.38148 7.50746 47.17486
106.32905 7.04037 7.74777 47.27486
106.42905 6.71009 7.99448 47.37486
106.52905 6.39066 8.2476 47.47486
106.62905 6.08208 8.50713 47.57486
106.72905 5.78433 8.77307 47.67486
106.82905 5.49744 9.04541 47.77486
106.92905 5.22138 9.32416 47.87486
107.02905 4.95617 9.60933 47.97486
107.12905 4.70181 9.9009 48.07486
107.22905 4.45829 10.19887 48.17486
107.32905 4.22561 10.50326 48.27486
107.42905 4.00377 10.81405 48.37486
107.52905 3.79278 11.13125 48.47486
107.62905 3.59264 11.45486 48.57486
107.64161 3.56827 11.49596 48.58742
107.64161 3.56827 11.49596 48.58742
107.74161 3.38033 11.82678 48.68742
107.84161 3.20324 12.16401 48.78742
107.94161 3.03698 12.50765 48.88742
108.04161 2.88158 12.85769 48.98742
108.14161 2.73701 13.21415 49.08742
108.24161 2.60329 13.57701 49.18742
108.24161 2.60329 13.57701 49.18742
108.24161 2.60329 13.57701 49.18742
108.34161 2.48042 13.94628 49.28742
108.42661 2.3845 14.2652 49.37242
108.52661 2.2858 14.6209 49.47242
108.62661 2.20565 14.93025 49.57242
108.72661 2.1435 15.19108 49.67242
108.73661 2.13825 15.21442 49.68242
108.83661 2.09166 15.44675 49.78242
108.89861 2.06778 15.59234 49.84442
108.89861 2.06778 15.59234 49.84442
108.99861 2.03735 15.82964 49.94442
109.09861 2.01689 16.07001 50.04442
109.16161 2.00912 16.22301 50.10742
110.57656 2.87033 19.56968 51.52237
110.67656 3.00672 19.79461 51.62237
110.77656 3.15308 20.02184 51.72237
110.87656 3.30942 20.25137 51.82237
110.97656 3.47574 20.4832 51.92237
111.07656 3.65203 20.71734 52.02237
111.17656 3.8383 20.95377 52.12237
111.27656 4.03454 21.19251 52.22237
111.37656 4.24076 21.43354 52.32237
111.47656 4.45696 21.67688 52.42237
111.57656 4.68313 21.92252 52.52237
111.67656 4.91927 22.17047 52.62237
111.77656 5.1654 22.42071 52.72237
111.87656 5.42149 22.67325 52.82237
111.97656 5.68757 22.9281 52.92237
112.07656 5.96361 23.18525 53.02237
112.17656 6.24964 23.4447 53.12237
112.27656 6.54564 23.70645 53.22237
112.37656 6.85161 23.9705 53.32237
112.47656 7.16756 24.23685 53.42237
112.57656 7.49349 24.50551 53.52237
112.67656 7.82939 24.77647 53.62237
112.77656 8.17527 25.04972 53.72237
112.87656 8.53112 25.32528 53.82237
112.97656 8.89695 25.60314 53.92237
113.07656 9.27275 25.8833 54.02237
113.17656 9.65853 26.16577 54.12237
113.27656 10.05429 26.45053 54.22237
113.37656 10.46002 26.7376 54.32237
113.47656 10.87573 27.02697 54.42237
113.57656 11.30141 27.31864 54.52237
113.67384 11.72508 27.60458 54.61965
113.77384 12.29733 27.60754 54.71965
113.87384 13.15364 27.02888 54.81965
113.97384 14.33049 25.89309 54.91965
114.07384 15.87802 24.24821 55.01965
114.08184 16.01969 24.09657 55.02765
114.18184 17.86332 22.22655 55.12765
114.22784 18.74549 21.39199 55.17365
114.22784 18.74549 21.39199 55.17365
114.32784 20.73742 19.63348 55.27365
114.37384 21.68781 18.85022 55.31965
114.47384 23.57577 17.40705 55.41965
114.57384 24.99678 16.39934 55.51965
114.67384 25.88737 15.78174 55.61965
114.77384 26.20776 15.52647 55.71965
114.78184 26.20816 15.52124 55.72765
114.88184 26.19001 15.47048 55.82765
114.98184 26.17263 15.4211 55.92765
115.08184 26.15602 15.37309 56.02765
115.18184 26.14018 15.32645 56.12765
115.28184 26.12511 15.28118 56.22765
115.38184 26.11081 15.23729 56.32765
115.48184 26.09728 15.19478 56.42765
115.58184 26.08452 15.15363 56.52765
115.64184 26.07723 15.12961 56.58765
115.64184 26.07723 15.12961 56.58765
115.74184 26.0657 15.09066 56.68765
115.84184 26.05494 15.05309 56.78765
115.94184 26.04495 15.0169 56.88765
116.04184 26.03573 14.98207 56.98765
116.14184 26.02728 14.94862 57.08765
116.24184 26.0196 14.91655 57.18765
116.34184 26.01269 14.88585 57.28765
116.44184 26.00654 14.85652 57.38765
116.54184 26.00117 14.82856 57.48765
116.64184 25.99657 14.80198 57.58765
116.74184 25.99274 14.77678 57.68765
116.84184 25.98967 14.75294 57.78765
116.94184 25.98738 14.73049 57.88765
117.04184 25.98586 14.7094 57.98765
117.14184 25.9851 14.68969 58.08765
117.24184 25.98512 14.67135 58.18765
117.34184 25.9859 14.65439 58.28765
117.44184 25.98746 14.6388 58.38765
117.50811 25.98891 14.62923 58.45392
117.50811 25.98891 14.62923 58.45392
117.60811 25.99175 14.61592 58.55392
117.70811 25.99535 14.60399 58.65392
117.80811 25.99972 14.59343 58.75392
117.90811 26.00487 14.58425 58.85392
118.00811 26.01078 14.57644 58.95392
118.10811 26.01746 14.57 59.05392
118.20811 26.02492 14.56494 59.15392
118.30811 26.03314 14.56125 59.25392
118.40811 26.04213 14.55893 59.35392
118.50811 26.05189 14.55799 59.45392
118.60811 26.06242 14.55842 59.55392
118.70811 26.07372 14.56023 59.65392
118.80811 26.0858 14.56341 59.75392
118.90811 26.09864 14.56797 59.85392
119.00811 26.11225 14.57389 59.95392
119.10811 26.12663 14.58119 60.05392
119.20811 26.14177 14.58987 60.15392
119.30811 26.15769 14.59992 60.25392
119.38837 26.17103 14.60898 60.33418
119.38837 26.17103 14.60898 60.33418
119.48837 26.18833 14.62151 60.43418
119.58837 26.20641 14.63541 60.53418
119.68837 26.22526 14.65068 60.63418
119.78837 26.24487 14.66733 60.73418
119.78837 26.24487 14.66733 60.73418
119.88837 26.26526 14.68535 60.83418
119.98837 26.28641 14.70474 60.93418
120.08837 26.30834 14.72551 61.03418
120.18837 26.33103 14.74765 61.13418
120.23437 26.34173 14.7583 61.18018
120.33437 26.0713 14.94859 61.28018
120.43437 25.22543 15.48088 61.38018
120.53437 23.84193 16.37912 61.48018
120.63437 21.98257 17.68373 61.58018
120.64237 21.81562 17.80728 61.58818
120.74237 19.76949 19.4094 61.68818
120.78837 18.86242 20.16991 61.73418
120.78837 18.86242 20.16991 61.73418
120.88837 16.96478 21.87435 61.83418
120.93437 16.12601 22.68192 61.88018
121.03437 14.54022 24.24072 61.98018
121.13437 13.33188 25.32407 62.08018
121.23437 12.44955 25.88616 62.18018
121.33437 11.85562 25.90321 62.28018
121.34237 11.81973 25.88085 62.28818
121.44237 11.38538 25.58143 62.38818
121.54237 10.96088 25.28452 62.48818
121.64237 10.54623 24.99014 62.58818
121.74237 10.14144 24.69828 62.68818
121.84237 9.74651 24.40893 62.78818
121.94237 9.36143 24.12211 62.88818
122.04237 8.98621 23.8378 62.98818
122.10837 8.74396 23.65154 63.05418
122.20837 8.38509 23.37142 63.15418
122.30837 8.03608 23.09382 63.25418
122.40837 7.69693 22.81873 63.35418
122.50837 7.36763 22.54617 63.45418
122.60837 7.04818 22.27612 63.55418
122.70837 6.73859 22.00859 63.65418
122.80837 6.43886 21.74359 63.75418
122.90837 6.14898 21.4811 63.85418
123.00837 5.86896 21.22113 63.95418
123.10837 5.59879 20.96368 64.05418
123.20837 5.33847 20.70876 64.15418
123.30837 5.08801 20.45635 64.25418
123.40837 4.84741 20.20646 64.35418
123.50837 4.61666 19.95909 64.45418
123.60837 4.39577 19.71423 64.55418
123.70837 4.18473 19.4719 64.65418
123.80837 3.98355 19.23209 64.75418
123.90837 3.79222 18.9948 64.85418
124.00837 3.61074 18.76002 64.95418
124.10837 3.43913 18.52777 65.05418
124.20837 3.27736 18.29803 65.15418
124.30837 3.12546 18.07082 65.25418
124.40837 2.9834 17.84612 65.35418
124.43965 2.94099 17.77636 65.38546
125.85461 2.0306 14.50827 66.80042
125.95461 2.04038 14.27593 66.90042
126.05461 2.06001 14.04684 67.00042
126.11761 2.07743 13.9042 67.06342
126.11761 2.07743 13.9042 67.06342
126.21761 2.11313 13.68044 67.16342
126.27961 2.1402 13.54335 67.22542
126.37961 2.19567 13.30121 67.32542
126.47961 2.26894 13.01634 67.42542
126.57961 2.36051 12.69075 67.52542
126.58961 2.3707 12.65604 67.53542
126.68961 2.47889 12.31031 67.63542
126.77461 2.57925 12.02147 67.72042
126.77461 2.57925 12.02147 67.72042
126.87461 2.70718 11.68756 67.82042
126.97461 2.84578 11.36005 67.92042
127.07461 2.99505 11.03892 68.02042
127.17461 3.15499 10.72418 68.12042
127.27461 3.32559 10.41584 68.22042
127.37461 3.50687 10.11388 68.32042
127.47461 3.69881 9.81832 68.42042
127.57461 3.90142 9.52914 68.52042
127.67461 4.11469 9.24636 68.62042
127.77461 4.33864 8.96996 68.72042
127.87461 4.57325 8.69996 68.82042
127.97461 4.81853 8.43634 68.92042
128.07461 5.07448 8.17912 69.02042
128.17461 5.3411 7.92828 69.12042
128.27461 5.61838 7.68384 69.22042
128.37461 5.90634 7.44578 69.32042
128.47461 6.20496 7.21412 69.42042
128.57461 6.51424 6.98884 69.52042
128.67461 6.8342 6.76996 69.62042
128.77461 7.16482 6.55747 69.72042
128.87461 7.50612 6.35136 69.82042
128.97461 7.85808 6.15165 69.92042
129.07461 8.22071 5.95833 70.02042
129.17461 8.594 5.77139 70.12042
129.27461 8.97797 5.59085 70.22042
129.37461 9.3726 5.4167 70.32042
129.47461 9.7779 5.24893 70.42042
129.57461 10.19386 5.08756 70.52042
129.67461 10.6205 4.93258 70.62042
129.77461 11.0578 4.78398 70.72042
129.87461 11.50578 4.64178 70.82042
129.97461 11.96442 4.50597 70.92042
130.07461 12.43372 4.37655 71.02042
130.17461 12.9137 4.25351 71.12042
130.27461 13.40434 4.13687 71.22042
130.37461 13.90565 4.02662 71.32042
130.47461 14.41763 3.92276 71.42042
130.57461 14.94028 3.82529 71.52042
130.58717 15.00667 3.8135 71.53298
130.58717 15.00667 3.8135 71.53298
130.77217 16.00417 3.65151 71.71798
131.08217 15.52121 3.9292 72.02798
131.50717 12.14749 5.2036 72.45298
132.92212 4.10318 11.13886 73.86793
133.45367 2.32348 13.9745 74.39948
133.45367 2.32348 13.9745 74.39948
133.63867 1.86525 15.04739 74.58448
133.94867 1.45617 15.15989 74.89448
134.07467 1.40559 14.50997 75.02048
134.27467 1.37281 13.51199 75.22048
134.36867 1.37754 13.0572 75.31448
134.36867 1.37754 13.0572 75.31448
134.62467 1.45568 11.86483 75.57048
136.03963 3.59562 6.29652 76.98544
136.57118 5.15429 4.73025 77.51699
136.57118 5.15429 4.73025 77.51699
136.75618 5.79334 4.26193 77.70199
137.06618 6.1479 4.09115 78.01199
137.19218 5.9742 4.25677 78.13799
137.39218 5.71435 4.54204 78.33799
137.74218 5.30648 5.10731 78.68799
139.15713 4.26766 8.1047 80.10294
139.68868 4.12698 9.49583 80.63449
139.68868 4.12698 9.49583 80.63449
139.87368 4.11028 10.02095 80.81949
140.18368 4.70515 9.56588 81.12949
140.30968 5.23492 8.86412 81.25549
140.50968 6.14699 7.81219 81.45549
140.60368 6.60582 7.34405 81.54949
140.60368 6.60582 7.34405 81.54949
140.85968 7.9532 6.15428 81.80549
142.27464 17.93219 1.75636 83.22045
142.80619 22.8219 1.11384 83.752
142.80619 22.8219 1.11384 83.752
142.99119 24.66839 1.02286 83.937
143.30119 24.27839 1.17242 84.247
143.42719 22.72094 1.3582 84.373
143.62719 20.35758 1.73293 84.573
143.97719 16.54288 2.62442 84.923
145.39215 5.31931 9.17828 86.33796
145.9427 2.73508 12.93002 86.88851
145.9427 2.73508 12.93002 86.88851
146.1087 2.15435 14.19799 87.05451
146.4187 1.54856 14.59875 87.36451
146.4987 1.48298 14.17244 87.44451
146.4987 1.48298 14.17244 87.44451
146.5447 1.44974 13.93057 87.49051
146.7447 1.34317 12.90667 87.69051
148.7462 3.67474 5.14102 89.69201
148.7462 3.67474 5.14102 89.69201
149.2237 5.14386 3.95487 90.16951
149.2237 5.14386 3.95487 90.16951
149.4087 5.80757 3.56432 90.35451
149.7187 6.15248 3.46634 90.66451
149.8447 5.95306 3.64227 90.79051
150.0447 5.65403 3.94882 90.99051
150.3947 5.18247 4.56588 91.34051
151.80965 3.94994 7.97068 92.75546
152.3412 3.76231 9.59172 93.28701
152.3412 3.76231 9.59172 93.28701
152.5262 3.73263 10.20625 93.47201
152.8362 4.04789 10.39684 93.78201
152.9622 4.33445 10.12309 93.90801
153.1622 4.82501 9.70243 94.10801
153.2562 5.0707 9.51059 94.20201
153.2562 5.0707 9.51059 94.20201
153.5122 5.78886 9.00717 94.45801
154.92716 11.02721 6.5524 95.87297
155.45871 13.5677 5.81358 96.40452
155.45871 13.5677 5.81358 96.40452
155.64371 14.52446 5.58832 96.58952
155.95371 14.10399 6.04331 96.89952
156.07971 13.13348 6.59392 97.02552
156.27971 11.66882 7.52751 97.22552
156.62971 9.32952 9.33731 97.57552
158.04466 2.79336 18.63465 98.99047
158.57621 1.52785 22.84947 99.52202
158.57621 1.52785 22.84947 99.52202
158.76121 1.24156 24.42353 99.70702
159.07121 1.04168 24.72024 100.01702
159.19721 1.05675 23.8703 100.14302
159.39721 1.14327 22.55439 100.34302
159.49121 1.21046 21.94999 100.43702
159.49121 1.21046 21.94999 100.43702
159.74721 1.47946 20.34962 100.69302
161.16217 5.21345 12.34317 102.10798
161.51576 6.74871 10.62703 102.46157
162.01143 9.30469 8.46956 102.95724
162.43675 11.87412 6.85133 103.38256
162.84475 13.09631 6.24448 103.79056
162.97575 13.00499 6.30632 103.92156
162.97575 13.00499 6.30632 103.92156
165.06675 11.94655 8.07507 106.01256
165.47475 12.57795 8.08169 106.42056
165.60575 13.04038 7.9318 106.55156
165.60575 13.04038 7.9318 106.55156
167.40075 20.4876 6.45111 108.34656
167.40075 20.4876 6.45111 108.34656
167.69675 21.91453 6.30955 108.64256
168.10475 21.8637 6.76122 109.05056
168.23575 21.19416 7.12408 109.18156
168.23575 21.19416 7.12408 109.18156
168.75413 18.66246 8.70149 109.69994
168.75413 18.66246 8.70149 109.69994
170.00158 13.34065 13.42356 110.94739
171.41654 8.63808 19.9868 112.36235
171.81254 7.56681 21.96576 112.75835
172.22054 7.15497 22.26895 113.16635
172.35154 7.22185 21.78894 113.29735
172.35154 7.22185 21.78894 113.29735
175.01654 9.68666 13.49753 115.96235
175.01654 9.68666 13.49753 115.96235
176.14731 11.36854 10.82833 117.09312
176.14731 11.36854 10.82833 117.09312
177.56422 14.01098 8.19761 118.51003
178.79286 16.77498 6.43556 119.73867
179.19286 17.77387 5.96352 120.13867
179.93813 19.76132 5.26778 120.88394
180.33413 20.88439 4.9956 121.27994
180.74213 20.33706 5.20131 121.68794
180.87313 19.6238 5.42143 121.81894
180.87313 19.6238 5.42143 121.81894
181.23813 17.71268 6.09292 122.18394
181.23813 17.71268 6.09292 122.18394
183.18741 9.40565 11.12827 124.13322
183.18741 9.40565 11.12827 124.13322
185.34898 3.93506 19.5667 126.29479
185.99498 3.63349 19.34223 126.94079
186.20198 3.77796 18.27217 127.14779
186.20198 3.77796 18.27217 127.14779
186.47198 4.00542 16.92905 127.41779
186.67198 4.20239 15.97254 127.61779
187.91198 5.9646 10.77159 128.85779
187.91198 5.9646 10.77159 128.85779
188.51198 7.15177 8.70596 129.45779
188.51198 7.15177 8.70596 129.45779
189.03698 8.3695 7.13979 129.98279
189.03698 8.3695 7.13979 129.98279
189.16798 8.69938 6.78409 130.11379
189.57598 8.45613 6.72529 130.52179
189.97198 7.07728 7.71503 130.91779
190.46765 5.58151 9.10686 131.41346
190.82125 4.67063 10.20269 131.76706
192.4187 2.18203 15.96062 133.36451
192.6747 2.02769 16.97935 133.62051
192.6747 2.02769 16.97935 133.62051
192.7687 1.98813 17.36332 133.71451
192.9687 1.93457 18.198 133.91451
193.0947 1.92221 18.73621 134.04051
193.4047 2.14377 18.36355 134.35051
193.5897 2.4478 17.15832 134.53551
193.5897 2.4478 17.15832 134.53551
194.12125 3.60004 13.94445 135.06706
195.7187 9.52012 6.2961 136.66451
196.0287 11.10476 5.19769 136.97451
196.2287 12.20175 4.56272 137.17451
196.3597 12.952 4.17814 137.30551
196.6997 13.12093 3.81765 137.64551
196.8897 12.21324 3.94543 137.83551
196.8897 12.21324 3.94543 137.83551
197.42125 9.87697 4.41298 138.36706
199.0187 4.67236 6.67436 139.96451
199.2747 4.08537 7.14409 140.22051
199.2747 4.08537 7.14409 140.22051
199.3687 3.88726 7.32535 140.31451
199.5687 3.49689 7.72668 140.51451
199.6947 3.27271 7.99048 140.64051
200.0047 3.09165 7.87514 140.95051
200.1897 3.19666 7.36189 141.13551
200.1897 3.19666 7.36189 141.13551
200.72125 3.62942 6.03346 141.66706
202.3187 6.08654 3.25149 143.26451
202.6687 6.86075 2.89978 143.61451
202.8687 7.34099 2.74378 143.81451
202.9947 7.65768 2.6623 143.94051
203.3047 7.55465 2.83072 144.25051
203.4897 6.97993 3.17129 144.43551
203.4897 6.97993 3.17129 144.43551
205.9687 2.38169 11.80729 146.91451
206.1687 2.26246 12.83441 147.11451
206.2147 2.24036 13.07763 147.16051
206.2147 2.24036 13.07763 147.16051
206.2947 2.20665 13.50683 147.24051
206.6047 2.46324 13.1999 147.55051
206.7707 2.83973 12.01942 147.71651
206.7707 2.83973 12.01942 147.71651
207.32125 4.42929 8.53135 148.26706
208.9187 11.96756 2.03569 149.86451
209.2687 14.21285 1.37056 150.21451
209.4687 15.59092 1.11596 150.41451
209.5947 16.4946 1.00241 150.54051
209.9047 16.81627 .98441 150.85051
210.0897 15.85358 1.14046 151.03551
210.0897 15.85358 1.14046 151.03551
210.62125 13.26877 2.01491 151.56706
212.2187 7.13843 8.36056 153.16451
212.4747 6.37705 9.86728 153.42051
212.4747 6.37705 9.86728 153.42051
212.5687 6.11314 10.45547 153.51451
212.7687 5.57959 11.76938 153.71451
212.8947 5.26299 12.64076 153.84051
213.2047 5.15647 13.27791 154.15051
213.3897 5.48927 12.71008 154.33551
213.3897 5.48927 12.71008 154.33551
213.92125 6.575 11.17695 154.86706
215.5187 10.97333 7.24304 156.46451
215.8287 12.03068 6.61351 156.77451
216.0287 12.74752 6.23729 156.97451
216.1597 13.2318 6.00359 157.10551
216.4997 12.63848 6.28154 157.44551
216.6897 11.33609 6.96213 157.63551
216.6897 11.33609 6.96213 157.63551
217.22125 8.10065 9.11009 158.16706
218.8187 2.01014 17.44001 159.76451
219.0747 1.53341 18.99498 160.02051
219.0747 1.53341 18.99498 160.02051
219.1687 1.39338 19.58441 160.11451
219.3687 1.158 20.87154 160.31451
219.4947 1.05343 21.7055 160.44051
219.8047 1.03618 21.6334 160.75051
219.9897 1.17944 20.33454 160.93551
219.9897 1.17944 20.33454 160.93551
220.52125 1.98963 16.84451 161.46706
222.1187 7.94896 8.24562 163.06451
222.3787 9.42642 7.14611 163.32451
222.3787 9.42642 7.14611 163.32451
222.5437 10.43742 6.49828 163.48951
222.8537 11.01883 6.1744 163.79951
223.1457 10.24563 6.67122 164.09151
223.9957 8.24634 8.3782 164.94151
223.9957 8.24634 8.3782 164.94151
224.8457 6.62138 10.47332 165.79151
226.85125 4.27093 16.9551 167.79706
226.85125 4.27093 16.9551 167.79706
227.03625 4.1591 17.66186 167.98206
227.34625 4.16028 18.22654 168.29206
227.50825 4.25851 18.18367 168.45406
227.50825 4.25851 18.18367 168.45406
227.77125 4.44697 18.12031 168.71706
229.3687 6.35269 17.49215 170.31451
231.03413 9.75485 16.74473 171.97994
231.03413 9.75485 16.74473 171.97994
231.76498 11.70232 16.52446 172.71079
231.76498 11.70232 16.52446 172.71079
231.96498 12.28356 16.47564 172.91079
232.46598 13.83071 16.37493 173.41179
232.87398 16.89788 14.55029 173.81979
233.01998 18.75799 13.34791 173.96579
233.01998 18.75799 13.34791 173.96579
233.14698 20.45696 12.34665 174.09279
233.79298 25.1168 9.95817 174.73879
234.31998 24.97796 9.88381 175.26579
234.31998 24.97796 9.88381 175.26579
234.71998 24.88765 9.86496 175.66579
234.71998 24.88765 9.86496 175.66579
235.01998 24.82845 9.87211 175.96579
235.01998 24.82845 9.87211 175.96579
236.30025 24.65797 10.1077 177.24606
236.30025 24.65797 10.1077 177.24606
237.53051 24.61962 10.64718 178.47632
237.53051 24.61962 10.64718 178.47632
